+-------------+ Condor Instruments Report +-------------+
SOFTWARE_VERSION : 1.0.13
SUBJECT_NAME : Piloto ActTrust
SUBJECT_GENDER : Other
SUBJECT_DATE_OF_BIRTH : 01/01/2000
SUBJECT_DESCRIPTION : Primeiro dia de teste piloto
DEVICE_ID : 3052
DEVICE_MODEL : ActTrust1
HARDWARE_VERSION : 3.5
FIRMWARE_VERSION : 3.8
MEMORY_SIZE : 7987712
LOG_SIZE : 1293039
BATTERY_VOLTAGE : 4.21875
ERROR_FLAG : 0
ERROR_CODE : 0
POWER_DOWN_FLAG : 0
TAT_THRESHOLD : 1024
ORIENTATION : 0
MODE : PIM/TAT/ZCM
INTERVAL : 1
DATA_CORRECTION : 0
DATA_CORRECTION_DESCRIPTION : Nenhum
DATE_TIME : 11/04/2022 13:43:20
+-------------------------------------------------------+
DATE/TIME;MS;EVENT;TEMPERATURE;EXT TEMPERATURE;ORIENTATION;PIM;PIMn;TAT;TATn;ZCM;ZCMn;LIGHT;AMB LIGHT;RED LIGHT;GREEN LIGHT;BLUE LIGHT;IR LIGHT;UVA LIGHT;UVB LIGHT;STATE
21/03/2022 13:25:59;0;0;0.00;0.00;0;840;0;0;0;0;0;0.00;0.00;0.00;0.00;0.00;0.00;0.00;0.00;0
21/03/2022 13:26:59;0;0;0.00;0.00;0;1052;0;0;0;0;0;0.00;0.00;0.00;0.00;0.00;0.00;0.00;0.00;0
21/03/2022 13:27:59;0;0;0.00;0.00;0;60;0;0;0;0;0;0.00;0.00;0.00;0.00;0.00;0.00;0.00;0.00;0
21/03/2022 13:28:59;0;0;0.00;0.00;0;9;0;0;0;0;0;0.00;0.00;0.00;0.00;0.00;0.00;0.00;0.00;0
21/03/2022 13:29:59;0;0;0.00;0.00;0;154;0;0;0;0;0;0.00;0.00;0.00;0.00;0.00;0.00;0.00;0.00;0
21/03/2022 13:30:59;0;0;0.00;0.00;0;0;0;0;0;0;0;0.00;0.00;0.00;0.00;0.00;0.00;0.00;0.00;0
21/03/2022 13:31:59;0;0;0.00;0.00;0;283;0;0;0;0;0;0.00;0.00;0.00;0.00;0.00;0.00;0.00;0.00;0
21/03/2022 13:32:59;0;0;0.00;0.00;0;0;0;0;0;0;0;0.00;0.00;0.00;0.00;0.00;0.00;0.00;0.00;0
21/03/2022 13:33:59;0;0;0.00;0.00;0;9;0;0;0;0;0;0.00;0.00;0.00;0.00;0.00;0.00;0.00;0.00;0
21/03/2022 13:34:59;0;0;0.00;0.00;0;0;0;0;0;0;0;0.00;0.00;0.00;0.00;0.00;0.00;0.00;0.00;0
21/03/2022 13:35:59;0;0;0.00;0.00;0;0;0;0;0;0;0;0.00;0.00;0.00;0.00;0.00;0.00;0.00;0.00;0
21/03/2022 13:36:59;0;0;0.00;0.00;0;0;0;0;0;0;0;0.00;0.00;0.00;0.00;0.00;0.00;0.00;0.00;0
21/03/2022 13:37:59;0;0;0.00;0.00;0;0;0;0;0;0;0;0.00;0.00;0.00;0.00;0.00;0.00;0.00;0.00;0
21/03/2022 13:38:59;0;0;0.00;0.00;0;7;0;0;0;0;0;0.00;0.00;0.00;0.00;0.00;0.00;0.00;0.00;0
21/03/2022 13:39:59;0;0;0.00;0.00;0;19;0;0;0;0;0;0.00;0.00;0.00;0.00;0.00;0.00;0.00;0.00;0
21/03/2022 13:40:59;0;0;0.00;0.00;0;1217;0;0;0;0;0;0.00;0.00;0.00;0.00;0.00;0.00;0.00;0.00;0
21/03/2022 13:41:59;0;0;0.00;0.00;0;6419;0;0;0;0;0;0.00;0.00;0.00;0.00;0.00;0.00;0.00;0.00;0
21/03/2022 13:42:59;0;0;0.00;0.00;0;5536;0;0;0;0;0;0.00;0.00;0.00;0.00;0.00;0.00;0.00;0.00;0
21/03/2022 13:43:59;0;0;0.00;0.00;0;5592;0;0;0;0;0;0.00;0.00;0.00;0.00;0.00;0.00;0.00;0.00;0
21/03/2022 13:44:59;0;0;0.00;0.00;0;5896;0;0;0;0;0;0.00;0.00;0.00;0.00;0.00;0.00;0.00;0.00;0
21/03/2022 13:45:59;0;0;0.00;0.00;0;6356;0;0;0;0;0;0.00;0.00;0.00;0.00;0.00;0.00;0.00;0.00;0
21/03/2022 13:46:59;0;0;0.00;0.00;0;6145;0;0;0;0;0;0.00;0.00;0.00;0.00;0.00;0.00;0.00;0.00;0
21/03/2022 13:47:59;0;0;0.00;0.00;0;6112;0;0;0;0;0;0.00;0.00;0.00;0.00;0.00;0.00;0.00;0.00;0
21/03/2022 13:48:59;0;0;0.00;0.00;0;6574;0;0;0;0;0;0.00;0.00;0.00;0.00;0.00;0.00;0.00;0.00;0
21/03/2022 13:49:59;0;0;0.00;0.00;0;6479;0;0;0;0;0;0.00;0.00;0.00;0.00;0.00;0.00;0.00;0.00;0
21/03/2022 13:50:59;0;0;0.00;0.00;0;6530;0;0;0;0;0;0.00;0.00;0.00;0.00;0.00;0.00;0.00;0.00;0
21/03/2022 13:51:59;0;0;0.00;0.00;0;5069;0;0;0;0;0;0.00;0.00;0.00;0.00;0.00;0.00;0.00;0.00;0
21/03/2022 13:52:59;0;0;0.00;0.00;0;360;0;0;0;0;0;0.00;0.00;0.00;0.00;0.00;0.00;0.00;0.00;0
21/03/2022 13:53:59;0;0;0.00;0.00;0;459;0;0;0;0;0;0.00;0.00;0.00;0.00;0.00;0.00;0.00;0.00;0
21/03/2022 13:54:59;0;0;0.00;0.00;0;83;0;0;0;0;0;0.00;0.00;0.00;0.00;0.00;0.00;0.00;0.00;0
21/03/2022 13:55:59;0;0;0.00;0.00;0;597;0;0;0;0;0;0.00;0.00;0.00;0.00;0.00;0.00;0.00;0.00;0
21/03/2022 13:56:59;0;0;0.00;0.00;0;4721;0;0;0;0;0;0.00;0.00;0.00;0.00;0.00;0.00;0.00;0.00;0
21/03/2022 13:57:59;0;0;0.00;0.00;0;7884;0;0;0;0;0;0.00;0.00;0.00;0.00;0.00;0.00;0.00;0.00;0
21/03/2022 13:58:59;0;0;0.00;0.00;0;8157;0;0;0;0;0;0.00;0.00;0.00;0.00;0.00;0.00;0.00;0.00;0
21/03/2022 13:59:59;0;0;0.00;0.00;0;8469;0;0;0;0;0;0.00;0.00;0.00;0.00;0.00;0.00;0.00;0.00;0
21/03/2022 14:00:59;0;0;0.00;0.00;0;8411;0;0;0;0;0;0.00;0.00;0.00;0.00;0.00;0.00;0.00;0.00;0
21/03/2022 14:01:59;0;0;0.00;0.00;0;8104;0;0;0;0;0;0.00;0.00;0.00;0.00;0.00;0.00;0.00;0.00;0
21/03/2022 14:02:59;0;0;0.00;0.00;0;8507;0;0;0;0;0;0.00;0.00;0.00;0.00;0.00;0.00;0.00;0.00;0
21/03/2022 14:03:59;0;0;0.00;0.00;0;8473;0;0;0;0;0;0.00;0.00;0.00;0.00;0.00;0.00;0.00;0.00;0
21/03/2022 14:04:59;0;0;0.00;0.00;0;9108;0;0;0;0;0;0.00;0.00;0.00;0.00;0.00;0.00;0.00;0.00;0
21/03/2022 14:05:59;0;0;0.00;0.00;0;9550;0;0;0;0;0;0.00;0.00;0.00;0.00;0.00;0.00;0.00;0.00;0
21/03/2022 14:06:59;0;0;0.00;0.00;0;7870;0;0;0;0;0;0.00;0.00;0.00;0.00;0.00;0.00;0.00;0.00;0
21/03/2022 14:07:59;0;0;0.00;0.00;0;816;0;0;0;0;0;0.00;0.00;0.00;0.00;0.00;0.00;0.00;0.00;0
21/03/2022 14:08:59;0;0;0.00;0.00;0;346;0;0;0;0;0;0.00;0.00;0.00;0.00;0.00;0.00;0.00;0.00;0
21/03/2022 14:09:59;0;0;0.00;0.00;0;18;0;0;0;0;0;0.00;0.00;0.00;0.00;0.00;0.00;0.00;0.00;0
21/03/2022 14:10:59;0;0;0.00;0.00;0;15;0;0;0;0;0;0.00;0.00;0.00;0.00;0.00;0.00;0.00;0.00;0
21/03/2022 14:11:59;0;0;0.00;0.00;0;4650;0;0;0;0;0;0.00;0.00;0.00;0.00;0.00;0.00;0.00;0.00;0
21/03/2022 14:12:59;0;0;0.00;0.00;0;12794;0;0;0;0;0;0.00;0.00;0.00;0.00;0.00;0.00;0.00;0.00;0
21/03/2022 14:13:59;0;0;0.00;0.00;0;14221;0;0;0;0;0;0.00;0.00;0.00;0.00;0.00;0.00;0.00;0.00;0
21/03/2022 14:14:59;0;0;0.00;0.00;0;13958;0;0;0;0;0;0.00;0.00;0.00;0.00;0.00;0.00;0.00;0.00;0
21/03/2022 14:15:59;0;0;0.00;0.00;0;13790;0;0;0;0;0;0.00;0.00;0.00;0.00;0.00;0.00;0.00;0.00;0
21/03/2022 14:16:59;0;0;0.00;0.00;0;14157;0;0;0;0;0;0.00;0.00;0.00;0.00;0.00;0.00;0.00;0.00;0
21/03/2022 14:17:59;0;0;0.00;0.00;0;13626;0;0;0;0;0;0.00;0.00;0.00;0.00;0.00;0.00;0.00;0.00;0
21/03/2022 14:18:59;0;0;0.00;0.00;0;13853;0;0;0;0;0;0.00;0.00;0.00;0.00;0.00;0.00;0.00;0.00;0
21/03/2022 14:19:59;0;0;0.00;0.00;0;14187;0;0;0;0;0;0.00;0.00;0.00;0.00;0.00;0.00;0.00;0.00;0
21/03/2022 14:20:59;0;0;0.00;0.00;0;15606;0;0;0;0;0;0.00;0.00;0.00;0.00;0.00;0.00;0.00;0.00;0
21/03/2022 14:21:59;0;0;0.00;0.00;0;13603;0;0;0;0;0;0.00;0.00;0.00;0.00;0.00;0.00;0.00;0.00;0
21/03/2022 14:22:59;0;0;0.00;0.00;0;973;0;0;0;0;0;0.00;0.00;0.00;0.00;0.00;0.00;0.00;0.00;0
21/03/2022 14:23:59;0;0;0.00;0.00;0;156;0;0;0;0;0;0.00;0.00;0.00;0.00;0.00;0.00;0.00;0.00;0
21/03/2022 14:24:59;0;0;0.00;0.00;0;33;0;0;0;0;0;0.00;0.00;0.00;0.00;0.00;0.00;0.00;0.00;0
21/03/2022 14:25:59;0;0;0.00;0.00;0;380;0;0;0;0;0;0.00;0.00;0.00;0.00;0.00;0.00;0.00;0.00;0
21/03/2022 14:26:59;0;0;0.00;0.00;0;5997;0;0;0;0;0;0.00;0.00;0.00;0.00;0.00;0.00;0.00;0.00;0
21/03/2022 14:27:59;0;0;0.00;0.00;0;57332;0;0;0;0;0;0.00;0.00;0.00;0.00;0.00;0.00;0.00;0.00;0
21/03/2022 14:28:59;0;0;0.00;0.00;0;60173;0;0;0;0;0;0.00;0.00;0.00;0.00;0.00;0.00;0.00;0.00;0
21/03/2022 14:29:59;0;0;0.00;0.00;0;63708;0;0;0;0;0;0.00;0.00;0.00;0.00;0.00;0.00;0.00;0.00;0
21/03/2022 14:30:59;0;0;0.00;0.00;0;62951;0;0;0;0;0;0.00;0.00;0.00;0.00;0.00;0.00;0.00;0.00;0
21/03/2022 14:31:59;0;0;0.00;0.00;0;64696;0;0;0;0;0;0.00;0.00;0.00;0.00;0.00;0.00;0.00;0.00;0
21/03/2022 14:32:59;0;0;0.00;0.00;0;64508;0;0;0;0;0;0.00;0.00;0.00;0.00;0.00;0.00;0.00;0.00;0
21/03/2022 14:33:59;0;0;0.00;0.00;0;64153;0;0;0;0;0;0.00;0.00;0.00;0.00;0.00;0.00;0.00;0.00;0
21/03/2022 14:34:59;0;0;0.00;0.00;0;64348;0;0;0;0;0;0.00;0.00;0.00;0.00;0.00;0.00;0.00;0.00;0
21/03/2022 14:35:59;0;0;0.00;0.00;0;65027;0;0;0;0;0;0.00;0.00;0.00;0.00;0.00;0.00;0.00;0.00;0
21/03/2022 14:36:59;0;0;0.00;0.00;0;67416;0;0;0;0;0;0.00;0.00;0.00;0.00;0.00;0.00;0.00;0.00;0
21/03/2022 14:37:59;0;0;0.00;0.00;0;13686;0;0;0;0;0;0.00;0.00;0.00;0.00;0.00;0.00;0.00;0.00;0
21/03/2022 14:38:59;0;0;0.00;0.00;0;563;0;0;0;0;0;0.00;0.00;0.00;0.00;0.00;0.00;0.00;0.00;0
21/03/2022 14:39:59;0;0;0.00;0.00;0;527;0;0;0;0;0;0.00;0.00;0.00;0.00;0.00;0.00;0.00;0.00;0