+-------------+ Condor Instruments Report +-------------+
SOFTWARE_VERSION : 1.0.13
SUBJECT_NAME : Piloto ActTrust
SUBJECT_GENDER : Other
SUBJECT_DATE_OF_BIRTH : 01/01/2000
SUBJECT_DESCRIPTION : Primeiro dia de teste piloto
DEVICE_ID : 3052
DEVICE_MODEL : ActTrust1
HARDWARE_VERSION : 3.5
FIRMWARE_VERSION : 3.8
MEMORY_SIZE : 7987712
LOG_SIZE : 1293039
BATTERY_VOLTAGE : 4.21875
ERROR_FLAG : 0
ERROR_CODE : 0
POWER_DOWN_FLAG : 0
TAT_THRESHOLD : 1024
ORIENTATION : 0
MODE : PIM/TAT/ZCM
INTERVAL : 1
DATA_CORRECTION : 0
DATA_CORRECTION_DESCRIPTION : Nenhum
DATE_TIME : 11/04/2022 13:43:44
+-------------------------------------------------------+
DATE/TIME;MS;EVENT;TEMPERATURE;EXT TEMPERATURE;ORIENTATION;PIM;PIMn;TAT;TATn;ZCM;ZCMn;LIGHT;AMB LIGHT;RED LIGHT;GREEN LIGHT;BLUE LIGHT;IR LIGHT;UVA LIGHT;UVB LIGHT;STATE
21/03/2022 15:03:59;0;0;0.00;0.00;0;195;0;0;0;0;0;0.00;0.00;0.00;0.00;0.00;0.00;0.00;0.00;0
21/03/2022 15:04:59;0;0;0.00;0.00;0;255;0;0;0;0;0;0.00;0.00;0.00;0.00;0.00;0.00;0.00;0.00;0
21/03/2022 15:05:59;0;0;0.00;0.00;0;170;0;0;0;0;0;0.00;0.00;0.00;0.00;0.00;0.00;0.00;0.00;0
21/03/2022 15:06:59;0;0;0.00;0.00;0;201;0;0;0;0;0;0.00;0.00;0.00;0.00;0.00;0.00;0.00;0.00;0
21/03/2022 15:07:59;0;0;0.00;0.00;0;201;0;0;0;0;0;0.00;0.00;0.00;0.00;0.00;0.00;0.00;0.00;0
21/03/2022 15:08:59;0;0;0.00;0.00;0;87;0;0;0;0;0;0.00;0.00;0.00;0.00;0.00;0.00;0.00;0.00;0
21/03/2022 15:09:59;0;0;0.00;0.00;0;114;0;0;0;0;0;0.00;0.00;0.00;0.00;0.00;0.00;0.00;0.00;0
21/03/2022 15:10:59;0;0;0.00;0.00;0;40;0;0;0;0;0;0.00;0.00;0.00;0.00;0.00;0.00;0.00;0.00;0
21/03/2022 15:11:59;0;0;0.00;0.00;0;0;0;0;0;0;0;0.00;0.00;0.00;0.00;0.00;0.00;0.00;0.00;0
21/03/2022 15:12:59;0;0;0.00;0.00;0;3631;0;0;0;0;0;0.00;0.00;0.00;0.00;0.00;0.00;0.00;0.00;0
21/03/2022 15:13:59;0;0;0.00;0.00;0;7030;0;0;0;0;0;0.00;0.00;0.00;0.00;0.00;0.00;0.00;0.00;0
21/03/2022 15:14:59;0;0;0.00;0.00;0;7507;0;0;0;0;0;0.00;0.00;0.00;0.00;0.00;0.00;0.00;0.00;0
21/03/2022 15:15:59;0;0;0.00;0.00;0;6166;0;0;0;0;0;0.00;0.00;0.00;0.00;0.00;0.00;0.00;0.00;0
21/03/2022 15:16:59;0;0;0.00;0.00;0;5909;0;0;0;0;0;0.00;0.00;0.00;0.00;0.00;0.00;0.00;0.00;0
21/03/2022 15:17:59;0;0;0.00;0.00;0;5704;0;0;0;0;0;0.00;0.00;0.00;0.00;0.00;0.00;0.00;0.00;0
21/03/2022 15:18:59;0;0;0.00;0.00;0;6024;0;0;0;0;0;0.00;0.00;0.00;0.00;0.00;0.00;0.00;0.00;0
21/03/2022 15:19:59;0;0;0.00;0.00;0;5765;0;0;0;0;0;0.00;0.00;0.00;0.00;0.00;0.00;0.00;0.00;0
21/03/2022 15:20:59;0;0;0.00;0.00;0;5768;0;0;0;0;0;0.00;0.00;0.00;0.00;0.00;0.00;0.00;0.00;0
21/03/2022 15:21:59;0;0;0.00;0.00;0;6382;0;0;0;0;0;0.00;0.00;0.00;0.00;0.00;0.00;0.00;0.00;0
21/03/2022 15:22:59;0;0;0.00;0.00;0;6292;0;0;0;0;0;0.00;0.00;0.00;0.00;0.00;0.00;0.00;0.00;0
21/03/2022 15:23:59;0;0;0.00;0.00;0;1616;0;0;0;0;0;0.00;0.00;0.00;0.00;0.00;0.00;0.00;0.00;0
21/03/2022 15:24:59;0;0;0.00;0.00;0;1902;0;0;0;0;0;0.00;0.00;0.00;0.00;0.00;0.00;0.00;0.00;0
21/03/2022 15:25:59;0;0;0.00;0.00;0;337;0;0;0;0;0;0.00;0.00;0.00;0.00;0.00;0.00;0.00;0.00;0
21/03/2022 15:26:59;0;0;0.00;0.00;0;129;0;0;0;0;0;0.00;0.00;0.00;0.00;0.00;0.00;0.00;0.00;0
21/03/2022 15:27:59;0;0;0.00;0.00;0;7489;0;0;0;0;0;0.00;0.00;0.00;0.00;0.00;0.00;0.00;0.00;0
21/03/2022 15:28:59;0;0;0.00;0.00;0;10023;0;0;0;0;0;0.00;0.00;0.00;0.00;0.00;0.00;0.00;0.00;0
21/03/2022 15:29:59;0;0;0.00;0.00;0;9593;0;0;0;0;0;0.00;0.00;0.00;0.00;0.00;0.00;0.00;0.00;0
21/03/2022 15:30:59;0;0;0.00;0.00;0;9406;0;0;0;0;0;0.00;0.00;0.00;0.00;0.00;0.00;0.00;0.00;0
21/03/2022 15:31:59;0;0;0.00;0.00;0;9670;0;0;0;0;0;0.00;0.00;0.00;0.00;0.00;0.00;0.00;0.00;0
21/03/2022 15:32:59;0;0;0.00;0.00;0;9961;0;0;0;0;0;0.00;0.00;0.00;0.00;0.00;0.00;0.00;0.00;0
21/03/2022 15:33:59;0;0;0.00;0.00;0;10649;0;0;0;0;0;0.00;0.00;0.00;0.00;0.00;0.00;0.00;0.00;0
21/03/2022 15:34:59;0;0;0.00;0.00;0;10404;0;0;0;0;0;0.00;0.00;0.00;0.00;0.00;0.00;0.00;0.00;0
21/03/2022 15:35:59;0;0;0.00;0.00;0;10301;0;0;0;0;0;0.00;0.00;0.00;0.00;0.00;0.00;0.00;0.00;0
21/03/2022 15:36:59;0;0;0.00;0.00;0;9981;0;0;0;0;0;0.00;0.00;0.00;0.00;0.00;0.00;0.00;0.00;0
21/03/2022 15:37:59;0;0;0.00;0.00;0;5577;0;0;0;0;0;0.00;0.00;0.00;0.00;0.00;0.00;0.00;0.00;0
21/03/2022 15:38:59;0;0;0.00;0.00;0;445;0;0;0;0;0;0.00;0.00;0.00;0.00;0.00;0.00;0.00;0.00;0
21/03/2022 15:39:59;0;0;0.00;0.00;0;122;0;0;0;0;0;0.00;0.00;0.00;0.00;0.00;0.00;0.00;0.00;0
21/03/2022 15:40:59;0;0;0.00;0.00;0;767;0;0;0;0;0;0.00;0.00;0.00;0.00;0.00;0.00;0.00;0.00;0
21/03/2022 15:41:59;0;0;0.00;0.00;0;10208;0;0;0;0;0;0.00;0.00;0.00;0.00;0.00;0.00;0.00;0.00;0
21/03/2022 15:42:59;0;0;0.00;0.00;0;13341;0;0;0;0;0;0.00;0.00;0.00;0.00;0.00;0.00;0.00;0.00;0
21/03/2022 15:43:59;0;0;0.00;0.00;0;39623;0;0;0;0;0;0.00;0.00;0.00;0.00;0.00;0.00;0.00;0.00;0
21/03/2022 15:44:59;0;0;0.00;0.00;0;43299;0;0;0;0;0;0.00;0.00;0.00;0.00;0.00;0.00;0.00;0.00;0
21/03/2022 15:45:59;0;0;0.00;0.00;0;46155;0;0;0;0;0;0.00;0.00;0.00;0.00;0.00;0.00;0.00;0.00;0
21/03/2022 15:46:59;0;0;0.00;0.00;0;45481;0;0;0;0;0;0.00;0.00;0.00;0.00;0.00;0.00;0.00;0.00;0
21/03/2022 15:47:59;0;0;0.00;0.00;0;45409;0;0;0;0;0;0.00;0.00;0.00;0.00;0.00;0.00;0.00;0.00;0
21/03/2022 15:48:59;0;0;0.00;0.00;0;46043;0;0;0;0;0;0.00;0.00;0.00;0.00;0.00;0.00;0.00;0.00;0
21/03/2022 15:49:59;0;0;0.00;0.00;0;47079;0;0;0;0;0;0.00;0.00;0.00;0.00;0.00;0.00;0.00;0.00;0
21/03/2022 15:50:59;0;0;0.00;0.00;0;46239;0;0;0;0;0;0.00;0.00;0.00;0.00;0.00;0.00;0.00;0.00;0
21/03/2022 15:51:59;0;0;0.00;0.00;0;29141;0;0;0;0;0;0.00;0.00;0.00;0.00;0.00;0.00;0.00;0.00;0
21/03/2022 15:52:59;0;0;0.00;0.00;0;2721;0;0;0;0;0;0.00;0.00;0.00;0.00;0.00;0.00;0.00;0.00;0
21/03/2022 15:53:59;0;0;0.00;0.00;0;2988;0;0;0;0;0;0.00;0.00;0.00;0.00;0.00;0.00;0.00;0.00;0
21/03/2022 15:54:59;0;0;0.00;0.00;0;1751;0;0;0;0;0;0.00;0.00;0.00;0.00;0.00;0.00;0.00;0.00;0
21/03/2022 15:55:59;0;0;0.00;0.00;0;20797;0;0;0;0;0;0.00;0.00;0.00;0.00;0.00;0.00;0.00;0.00;0
21/03/2022 15:56:59;0;0;0.00;0.00;0;50597;0;0;0;0;0;0.00;0.00;0.00;0.00;0.00;0.00;0.00;0.00;0
21/03/2022 15:57:59;0;0;0.00;0.00;0;54138;0;0;0;0;0;0.00;0.00;0.00;0.00;0.00;0.00;0.00;0.00;0
21/03/2022 15:58:59;0;0;0.00;0.00;0;58966;0;0;0;0;0;0.00;0.00;0.00;0.00;0.00;0.00;0.00;0.00;0
21/03/2022 15:59:59;0;0;0.00;0.00;0;62613;0;0;0;0;0;0.00;0.00;0.00;0.00;0.00;0.00;0.00;0.00;0
21/03/2022 16:00:59;0;0;0.00;0.00;0;59963;0;0;0;0;0;0.00;0.00;0.00;0.00;0.00;0.00;0.00;0.00;0
21/03/2022 16:01:59;0;0;0.00;0.00;0;56654;0;0;0;0;0;0.00;0.00;0.00;0.00;0.00;0.00;0.00;0.00;0
21/03/2022 16:02:59;0;0;0.00;0.00;0;61214;0;0;0;0;0;0.00;0.00;0.00;0.00;0.00;0.00;0.00;0.00;0
21/03/2022 16:03:59;0;0;0.00;0.00;0;63587;0;0;0;0;0;0.00;0.00;0.00;0.00;0.00;0.00;0.00;0.00;0
21/03/2022 16:04:59;0;0;0.00;0.00;0;64482;0;0;0;0;0;0.00;0.00;0.00;0.00;0.00;0.00;0.00;0.00;0
21/03/2022 16:05:59;0;0;0.00;0.00;0;40681;0;0;0;0;0;0.00;0.00;0.00;0.00;0.00;0.00;0.00;0.00;0
21/03/2022 16:06:59;0;0;0.00;0.00;0;4232;0;0;0;0;0;0.00;0.00;0.00;0.00;0.00;0.00;0.00;0.00;0
21/03/2022 16:07:59;0;0;0.00;0.00;0;4793;0;0;0;0;0;0.00;0.00;0.00;0.00;0.00;0.00;0.00;0.00;0
21/03/2022 16:08:59;0;0;0.00;0.00;0;1408;0;0;0;0;0;0.00;0.00;0.00;0.00;0.00;0.00;0.00;0.00;0
21/03/2022 16:09:59;0;0;0.00;0.00;0;5844;0;0;0;0;0;0.00;0.00;0.00;0.00;0.00;0.00;0.00;0.00;0