+-------------+ Condor Instruments Report +-------------+
SOFTWARE_VERSION : 1.0.13
SUBJECT_NAME : Piloto ActTrust
SUBJECT_GENDER : Other
SUBJECT_DATE_OF_BIRTH : 01/01/2000
SUBJECT_DESCRIPTION : Primeiro dia de teste piloto
DEVICE_ID : 3052
DEVICE_MODEL : ActTrust1
HARDWARE_VERSION : 3.5
FIRMWARE_VERSION : 3.8
MEMORY_SIZE : 7987712
LOG_SIZE : 1293039
BATTERY_VOLTAGE : 4.21875
ERROR_FLAG : 0
ERROR_CODE : 0
POWER_DOWN_FLAG : 0
TAT_THRESHOLD : 1024
ORIENTATION : 0
MODE : PIM/TAT/ZCM
INTERVAL : 1
DATA_CORRECTION : 0
DATA_CORRECTION_DESCRIPTION : Nenhum
DATE_TIME : 11/04/2022 13:42:22
+-------------------------------------------------------+
DATE/TIME;MS;EVENT;TEMPERATURE;EXT TEMPERATURE;ORIENTATION;PIM;PIMn;TAT;TATn;ZCM;ZCMn;LIGHT;AMB LIGHT;RED LIGHT;GREEN LIGHT;BLUE LIGHT;IR LIGHT;UVA LIGHT;UVB LIGHT;STATE
21/03/2022 09:42:59;0;0;0.00;0.00;0;829;0;0;0;0;0;0.00;0.00;0.00;0.00;0.00;0.00;0.00;0.00;0
21/03/2022 09:43:59;0;0;0.00;0.00;0;215;0;0;0;0;0;0.00;0.00;0.00;0.00;0.00;0.00;0.00;0.00;0
21/03/2022 09:44:59;0;0;0.00;0.00;0;0;0;0;0;0;0;0.00;0.00;0.00;0.00;0.00;0.00;0.00;0.00;0
21/03/2022 09:45:59;0;0;0.00;0.00;0;3;0;0;0;0;0;0.00;0.00;0.00;0.00;0.00;0.00;0.00;0.00;0
21/03/2022 09:46:59;0;0;0.00;0.00;0;267;0;0;0;0;0;0.00;0.00;0.00;0.00;0.00;0.00;0.00;0.00;0
21/03/2022 09:47:59;0;0;0.00;0.00;0;0;0;0;0;0;0;0.00;0.00;0.00;0.00;0.00;0.00;0.00;0.00;0
21/03/2022 09:48:59;0;0;0.00;0.00;0;6;0;0;0;0;0;0.00;0.00;0.00;0.00;0.00;0.00;0.00;0.00;0
21/03/2022 09:49:59;0;0;0.00;0.00;0;9;0;0;0;0;0;0.00;0.00;0.00;0.00;0.00;0.00;0.00;0.00;0
21/03/2022 09:50:59;0;0;0.00;0.00;0;0;0;0;0;0;0;0.00;0.00;0.00;0.00;0.00;0.00;0.00;0.00;0
21/03/2022 09:51:59;0;0;0.00;0.00;0;0;0;0;0;0;0;0.00;0.00;0.00;0.00;0.00;0.00;0.00;0.00;0
21/03/2022 09:52:59;0;0;0.00;0.00;0;3;0;0;0;0;0;0.00;0.00;0.00;0.00;0.00;0.00;0.00;0.00;0
21/03/2022 09:53:59;0;0;0.00;0.00;0;0;0;0;0;0;0;0.00;0.00;0.00;0.00;0.00;0.00;0.00;0.00;0
21/03/2022 09:54:59;0;0;0.00;0.00;0;3337;0;0;0;0;0;0.00;0.00;0.00;0.00;0.00;0.00;0.00;0.00;0
21/03/2022 09:55:59;0;0;0.00;0.00;0;4764;0;0;0;0;0;0.00;0.00;0.00;0.00;0.00;0.00;0.00;0.00;0
21/03/2022 09:56:59;0;0;0.00;0.00;0;4528;0;0;0;0;0;0.00;0.00;0.00;0.00;0.00;0.00;0.00;0.00;0
21/03/2022 09:57:59;0;0;0.00;0.00;0;4353;0;0;0;0;0;0.00;0.00;0.00;0.00;0.00;0.00;0.00;0.00;0
21/03/2022 09:58:59;0;0;0.00;0.00;0;4637;0;0;0;0;0;0.00;0.00;0.00;0.00;0.00;0.00;0.00;0.00;0
21/03/2022 09:59:59;0;0;0.00;0.00;0;4728;0;0;0;0;0;0.00;0.00;0.00;0.00;0.00;0.00;0.00;0.00;0
21/03/2022 10:00:59;0;0;0.00;0.00;0;4708;0;0;0;0;0;0.00;0.00;0.00;0.00;0.00;0.00;0.00;0.00;0
21/03/2022 10:01:59;0;0;0.00;0.00;0;4478;0;0;0;0;0;0.00;0.00;0.00;0.00;0.00;0.00;0.00;0.00;0
21/03/2022 10:02:59;0;0;0.00;0.00;0;4619;0;0;0;0;0;0.00;0.00;0.00;0.00;0.00;0.00;0.00;0.00;0
21/03/2022 10:03:59;0;0;0.00;0.00;0;4375;0;0;0;0;0;0.00;0.00;0.00;0.00;0.00;0.00;0.00;0.00;0
21/03/2022 10:04:59;0;0;0.00;0.00;0;4389;0;0;0;0;0;0.00;0.00;0.00;0.00;0.00;0.00;0.00;0.00;0
21/03/2022 10:05:59;0;0;0.00;0.00;0;1463;0;0;0;0;0;0.00;0.00;0.00;0.00;0.00;0.00;0.00;0.00;0
21/03/2022 10:06:59;0;0;0.00;0.00;0;423;0;0;0;0;0;0.00;0.00;0.00;0.00;0.00;0.00;0.00;0.00;0
21/03/2022 10:07:59;0;0;0.00;0.00;0;905;0;0;0;0;0;0.00;0.00;0.00;0.00;0.00;0.00;0.00;0.00;0
21/03/2022 10:08:59;0;0;0.00;0.00;0;331;0;0;0;0;0;0.00;0.00;0.00;0.00;0.00;0.00;0.00;0.00;0
21/03/2022 10:09:59;0;0;0.00;0.00;0;1310;0;0;0;0;0;0.00;0.00;0.00;0.00;0.00;0.00;0.00;0.00;0
21/03/2022 10:10:59;0;0;0.00;0.00;0;7130;0;0;0;0;0;0.00;0.00;0.00;0.00;0.00;0.00;0.00;0.00;0
21/03/2022 10:11:59;0;0;0.00;0.00;0;7264;0;0;0;0;0;0.00;0.00;0.00;0.00;0.00;0.00;0.00;0.00;0
21/03/2022 10:12:59;0;0;0.00;0.00;0;7183;0;0;0;0;0;0.00;0.00;0.00;0.00;0.00;0.00;0.00;0.00;0
21/03/2022 10:13:59;0;0;0.00;0.00;0;7538;0;0;0;0;0;0.00;0.00;0.00;0.00;0.00;0.00;0.00;0.00;0
21/03/2022 10:14:59;0;0;0.00;0.00;0;7847;0;0;0;0;0;0.00;0.00;0.00;0.00;0.00;0.00;0.00;0.00;0
21/03/2022 10:15:59;0;0;0.00;0.00;0;7615;0;0;0;0;0;0.00;0.00;0.00;0.00;0.00;0.00;0.00;0.00;0
21/03/2022 10:16:59;0;0;0.00;0.00;0;7732;0;0;0;0;0;0.00;0.00;0.00;0.00;0.00;0.00;0.00;0.00;0
21/03/2022 10:17:59;0;0;0.00;0.00;0;7461;0;0;0;0;0;0.00;0.00;0.00;0.00;0.00;0.00;0.00;0.00;0
21/03/2022 10:18:59;0;0;0.00;0.00;0;7751;0;0;0;0;0;0.00;0.00;0.00;0.00;0.00;0.00;0.00;0.00;0
21/03/2022 10:19:59;0;0;0.00;0.00;0;8251;0;0;0;0;0;0.00;0.00;0.00;0.00;0.00;0.00;0.00;0.00;0
21/03/2022 10:20:59;0;0;0.00;0.00;0;1808;0;0;0;0;0;0.00;0.00;0.00;0.00;0.00;0.00;0.00;0.00;0
21/03/2022 10:21:59;0;0;0.00;0.00;0;1100;0;0;0;0;0;0.00;0.00;0.00;0.00;0.00;0.00;0.00;0.00;0
21/03/2022 10:22:59;0;0;0.00;0.00;0;2380;0;0;0;0;0;0.00;0.00;0.00;0.00;0.00;0.00;0.00;0.00;0
21/03/2022 10:23:59;0;0;0.00;0.00;0;538;0;0;0;0;0;0.00;0.00;0.00;0.00;0.00;0.00;0.00;0.00;0
21/03/2022 10:24:59;0;0;0.00;0.00;0;903;0;0;0;0;0;0.00;0.00;0.00;0.00;0.00;0.00;0.00;0.00;0
21/03/2022 10:25:59;0;0;0.00;0.00;0;52462;0;0;0;0;0;0.00;0.00;0.00;0.00;0.00;0.00;0.00;0.00;0
21/03/2022 10:26:59;0;0;0.00;0.00;0;49528;0;0;0;0;0;0.00;0.00;0.00;0.00;0.00;0.00;0.00;0.00;0
21/03/2022 10:27:59;0;0;0.00;0.00;0;54570;0;0;0;0;0;0.00;0.00;0.00;0.00;0.00;0.00;0.00;0.00;0
21/03/2022 10:28:59;0;0;0.00;0.00;0;53641;0;0;0;0;0;0.00;0.00;0.00;0.00;0.00;0.00;0.00;0.00;0
21/03/2022 10:29:59;0;0;0.00;0.00;0;55244;0;0;0;0;0;0.00;0.00;0.00;0.00;0.00;0.00;0.00;0.00;0
21/03/2022 10:30:59;0;0;0.00;0.00;0;51035;0;0;0;0;0;0.00;0.00;0.00;0.00;0.00;0.00;0.00;0.00;0
21/03/2022 10:31:59;0;0;0.00;0.00;0;53734;0;0;0;0;0;0.00;0.00;0.00;0.00;0.00;0.00;0.00;0.00;0
21/03/2022 10:32:59;0;0;0.00;0.00;0;54083;0;0;0;0;0;0.00;0.00;0.00;0.00;0.00;0.00;0.00;0.00;0
21/03/2022 10:33:59;0;0;0.00;0.00;0;54790;0;0;0;0;0;0.00;0.00;0.00;0.00;0.00;0.00;0.00;0.00;0
21/03/2022 10:34:59;0;0;0.00;0.00;0;57116;0;0;0;0;0;0.00;0.00;0.00;0.00;0.00;0.00;0.00;0.00;0
21/03/2022 10:35:59;0;0;0.00;0.00;0;15561;0;0;0;0;0;0.00;0.00;0.00;0.00;0.00;0.00;0.00;0.00;0
21/03/2022 10:36:59;0;0;0.00;0.00;0;1684;0;0;0;0;0;0.00;0.00;0.00;0.00;0.00;0.00;0.00;0.00;0
21/03/2022 10:37:59;0;0;0.00;0.00;0;1480;0;0;0;0;0;0.00;0.00;0.00;0.00;0.00;0.00;0.00;0.00;0
21/03/2022 10:38:59;0;0;0.00;0.00;0;548;0;0;0;0;0;0.00;0.00;0.00;0.00;0.00;0.00;0.00;0.00;0
21/03/2022 10:39:59;0;0;0.00;0.00;0;1887;0;0;0;0;0;0.00;0.00;0.00;0.00;0.00;0.00;0.00;0.00;0
21/03/2022 10:40:59;0;0;0.00;0.00;0;49465;0;0;0;0;0;0.00;0.00;0.00;0.00;0.00;0.00;0.00;0.00;0
21/03/2022 10:41:59;0;0;0.00;0.00;0;64171;0;0;0;0;0;0.00;0.00;0.00;0.00;0.00;0.00;0.00;0.00;0
21/03/2022 10:42:59;0;0;0.00;0.00;0;61835;0;0;0;0;0;0.00;0.00;0.00;0.00;0.00;0.00;0.00;0.00;0
21/03/2022 10:43:59;0;0;0.00;0.00;0;54483;0;0;0;0;0;0.00;0.00;0.00;0.00;0.00;0.00;0.00;0.00;0
21/03/2022 10:44:59;0;0;0.00;0.00;0;63112;0;0;0;0;0;0.00;0.00;0.00;0.00;0.00;0.00;0.00;0.00;0
21/03/2022 10:45:59;0;0;0.00;0.00;0;65174;0;0;0;0;0;0.00;0.00;0.00;0.00;0.00;0.00;0.00;0.00;0
21/03/2022 10:46:59;0;0;0.00;0.00;0;69197;0;0;0;0;0;0.00;0.00;0.00;0.00;0.00;0.00;0.00;0.00;0
21/03/2022 10:47:59;0;0;0.00;0.00;0;63620;0;0;0;0;0;0.00;0.00;0.00;0.00;0.00;0.00;0.00;0.00;0
21/03/2022 10:48:59;0;0;0.00;0.00;0;55786;0;0;0;0;0;0.00;0.00;0.00;0.00;0.00;0.00;0.00;0.00;0
21/03/2022 10:49:59;0;0;0.00;0.00;0;53605;0;0;0;0;0;0.00;0.00;0.00;0.00;0.00;0.00;0.00;0.00;0
21/03/2022 10:50:59;0;0;0.00;0.00;0;29607;0;0;0;0;0;0.00;0.00;0.00;0.00;0.00;0.00;0.00;0.00;0
21/03/2022 10:51:59;0;0;0.00;0.00;0;5319;0;0;0;0;0;0.00;0.00;0.00;0.00;0.00;0.00;0.00;0.00;0
21/03/2022 10:52:59;0;0;0.00;0.00;0;2835;0;0;0;0;0;0.00;0.00;0.00;0.00;0.00;0.00;0.00;0.00;0
21/03/2022 10:53:59;0;0;0.00;0.00;0;1157;0;0;0;0;0;0.00;0.00;0.00;0.00;0.00;0.00;0.00;0.00;0
21/03/2022 10:54:59;0;0;0.00;0.00;0;630;0;0;0;0;0;0.00;0.00;0.00;0.00;0.00;0.00;0.00;0.00;0
21/03/2022 10:55:59;0;0;0.00;0.00;0;3961;0;0;0;0;0;0.00;0.00;0.00;0.00;0.00;0.00;0.00;0.00;0
21/03/2022 10:56:59;0;0;0.00;0.00;0;2527;0;0;0;0;0;0.00;0.00;0.00;0.00;0.00;0.00;0.00;0.00;0