+-------------+ Condor Instruments Report +-------------+
SOFTWARE_VERSION : 1.0.13
SUBJECT_NAME : Piloto ActTrust
SUBJECT_GENDER : Other
SUBJECT_DATE_OF_BIRTH : 01/01/2000
SUBJECT_DESCRIPTION : Primeiro dia de teste piloto
DEVICE_ID : 3052
DEVICE_MODEL : ActTrust1
HARDWARE_VERSION : 3.5
FIRMWARE_VERSION : 3.8
MEMORY_SIZE : 7987712
LOG_SIZE : 1293039
BATTERY_VOLTAGE : 4.21875
ERROR_FLAG : 0
ERROR_CODE : 0
POWER_DOWN_FLAG : 0
TAT_THRESHOLD : 1024
ORIENTATION : 0
MODE : PIM/TAT/ZCM
INTERVAL : 1
DATA_CORRECTION : 0
DATA_CORRECTION_DESCRIPTION : Nenhum
DATE_TIME : 11/04/2022 13:42:56
+-------------------------------------------------------+
DATE/TIME;MS;EVENT;TEMPERATURE;EXT TEMPERATURE;ORIENTATION;PIM;PIMn;TAT;TATn;ZCM;ZCMn;LIGHT;AMB LIGHT;RED LIGHT;GREEN LIGHT;BLUE LIGHT;IR LIGHT;UVA LIGHT;UVB LIGHT;STATE
21/03/2022 11:19:59;0;0;0.00;0.00;0;0;0;0;0;0;0;0.00;0.00;0.00;0.00;0.00;0.00;0.00;0.00;0
21/03/2022 11:20:59;0;0;0.00;0.00;0;0;0;0;0;0;0;0.00;0.00;0.00;0.00;0.00;0.00;0.00;0.00;0
21/03/2022 11:21:59;0;0;0.00;0.00;0;0;0;0;0;0;0;0.00;0.00;0.00;0.00;0.00;0.00;0.00;0.00;0
21/03/2022 11:22:59;0;0;0.00;0.00;0;0;0;0;0;0;0;0.00;0.00;0.00;0.00;0.00;0.00;0.00;0.00;0
21/03/2022 11:23:59;0;0;0.00;0.00;0;0;0;0;0;0;0;0.00;0.00;0.00;0.00;0.00;0.00;0.00;0.00;0
21/03/2022 11:24:59;0;0;0.00;0.00;0;0;0;0;0;0;0;0.00;0.00;0.00;0.00;0.00;0.00;0.00;0.00;0
21/03/2022 11:25:59;0;0;0.00;0.00;0;0;0;0;0;0;0;0.00;0.00;0.00;0.00;0.00;0.00;0.00;0.00;0
21/03/2022 11:26:59;0;0;0.00;0.00;0;0;0;0;0;0;0;0.00;0.00;0.00;0.00;0.00;0.00;0.00;0.00;0
21/03/2022 11:27:59;0;0;0.00;0.00;0;24;0;0;0;0;0;0.00;0.00;0.00;0.00;0.00;0.00;0.00;0.00;0
21/03/2022 11:28:59;0;0;0.00;0.00;0;0;0;0;0;0;0;0.00;0.00;0.00;0.00;0.00;0.00;0.00;0.00;0
21/03/2022 11:29:59;0;0;0.00;0.00;0;3854;0;0;0;0;0;0.00;0.00;0.00;0.00;0.00;0.00;0.00;0.00;0
21/03/2022 11:30:59;0;0;0.00;0.00;0;3000;0;0;0;0;0;0.00;0.00;0.00;0.00;0.00;0.00;0.00;0.00;0
21/03/2022 11:31:59;0;0;0.00;0.00;0;3088;0;0;0;0;0;0.00;0.00;0.00;0.00;0.00;0.00;0.00;0.00;0
21/03/2022 11:32:59;0;0;0.00;0.00;0;2798;0;0;0;0;0;0.00;0.00;0.00;0.00;0.00;0.00;0.00;0.00;0
21/03/2022 11:33:59;0;0;0.00;0.00;0;2603;0;0;0;0;0;0.00;0.00;0.00;0.00;0.00;0.00;0.00;0.00;0
21/03/2022 11:34:59;0;0;0.00;0.00;0;2900;0;0;0;0;0;0.00;0.00;0.00;0.00;0.00;0.00;0.00;0.00;0
21/03/2022 11:35:59;0;0;0.00;0.00;0;2678;0;0;0;0;0;0.00;0.00;0.00;0.00;0.00;0.00;0.00;0.00;0
21/03/2022 11:36:59;0;0;0.00;0.00;0;2754;0;0;0;0;0;0.00;0.00;0.00;0.00;0.00;0.00;0.00;0.00;0
21/03/2022 11:37:59;0;0;0.00;0.00;0;2918;0;0;0;0;0;0.00;0.00;0.00;0.00;0.00;0.00;0.00;0.00;0
21/03/2022 11:38:59;0;0;0.00;0.00;0;2488;0;0;0;0;0;0.00;0.00;0.00;0.00;0.00;0.00;0.00;0.00;0
21/03/2022 11:39:59;0;0;0.00;0.00;0;2556;0;0;0;0;0;0.00;0.00;0.00;0.00;0.00;0.00;0.00;0.00;0
21/03/2022 11:40:59;0;0;0.00;0.00;0;1728;0;0;0;0;0;0.00;0.00;0.00;0.00;0.00;0.00;0.00;0.00;0
21/03/2022 11:41:59;0;0;0.00;0.00;0;7;0;0;0;0;0;0.00;0.00;0.00;0.00;0.00;0.00;0.00;0.00;0
21/03/2022 11:42:59;0;0;0.00;0.00;0;368;0;0;0;0;0;0.00;0.00;0.00;0.00;0.00;0.00;0.00;0.00;0
21/03/2022 11:43:59;0;0;0.00;0.00;0;143;0;0;0;0;0;0.00;0.00;0.00;0.00;0.00;0.00;0.00;0.00;0
21/03/2022 11:44:59;0;0;0.00;0.00;0;2581;0;0;0;0;0;0.00;0.00;0.00;0.00;0.00;0.00;0.00;0.00;0
21/03/2022 11:45:59;0;0;0.00;0.00;0;6904;0;0;0;0;0;0.00;0.00;0.00;0.00;0.00;0.00;0.00;0.00;0
21/03/2022 11:46:59;0;0;0.00;0.00;0;7311;0;0;0;0;0;0.00;0.00;0.00;0.00;0.00;0.00;0.00;0.00;0
21/03/2022 11:47:59;0;0;0.00;0.00;0;7542;0;0;0;0;0;0.00;0.00;0.00;0.00;0.00;0.00;0.00;0.00;0
21/03/2022 11:48:59;0;0;0.00;0.00;0;7554;0;0;0;0;0;0.00;0.00;0.00;0.00;0.00;0.00;0.00;0.00;0
21/03/2022 11:49:59;0;0;0.00;0.00;0;7854;0;0;0;0;0;0.00;0.00;0.00;0.00;0.00;0.00;0.00;0.00;0
21/03/2022 11:50:59;0;0;0.00;0.00;0;7079;0;0;0;0;0;0.00;0.00;0.00;0.00;0.00;0.00;0.00;0.00;0
21/03/2022 11:51:59;0;0;0.00;0.00;0;7153;0;0;0;0;0;0.00;0.00;0.00;0.00;0.00;0.00;0.00;0.00;0
21/03/2022 11:52:59;0;0;0.00;0.00;0;7117;0;0;0;0;0;0.00;0.00;0.00;0.00;0.00;0.00;0.00;0.00;0
21/03/2022 11:53:59;0;0;0.00;0.00;0;7292;0;0;0;0;0;0.00;0.00;0.00;0.00;0.00;0.00;0.00;0.00;0
21/03/2022 11:54:59;0;0;0.00;0.00;0;7575;0;0;0;0;0;0.00;0.00;0.00;0.00;0.00;0.00;0.00;0.00;0
21/03/2022 11:55:59;0;0;0.00;0.00;0;1390;0;0;0;0;0;0.00;0.00;0.00;0.00;0.00;0.00;0.00;0.00;0
21/03/2022 11:56:59;0;0;0.00;0.00;0;6;0;0;0;0;0;0.00;0.00;0.00;0.00;0.00;0.00;0.00;0.00;0
21/03/2022 11:57:59;0;0;0.00;0.00;0;5;0;0;0;0;0;0.00;0.00;0.00;0.00;0.00;0.00;0.00;0.00;0
21/03/2022 11:58:59;0;0;0.00;0.00;0;51;0;0;0;0;0;0.00;0.00;0.00;0.00;0.00;0.00;0.00;0.00;0
21/03/2022 11:59:59;0;0;0.00;0.00;0;1616;0;0;0;0;0;0.00;0.00;0.00;0.00;0.00;0.00;0.00;0.00;0
21/03/2022 12:00:59;0;0;0.00;0.00;0;43784;0;0;0;0;0;0.00;0.00;0.00;0.00;0.00;0.00;0.00;0.00;0
21/03/2022 12:01:59;0;0;0.00;0.00;0;43977;0;0;0;0;0;0.00;0.00;0.00;0.00;0.00;0.00;0.00;0.00;0
21/03/2022 12:02:59;0;0;0.00;0.00;0;44515;0;0;0;0;0;0.00;0.00;0.00;0.00;0.00;0.00;0.00;0.00;0
21/03/2022 12:03:59;0;0;0.00;0.00;0;45857;0;0;0;0;0;0.00;0.00;0.00;0.00;0.00;0.00;0.00;0.00;0
21/03/2022 12:04:59;0;0;0.00;0.00;0;40772;0;0;0;0;0;0.00;0.00;0.00;0.00;0.00;0.00;0.00;0.00;0
21/03/2022 12:05:59;0;0;0.00;0.00;0;43159;0;0;0;0;0;0.00;0.00;0.00;0.00;0.00;0.00;0.00;0.00;0
21/03/2022 12:06:59;0;0;0.00;0.00;0;41040;0;0;0;0;0;0.00;0.00;0.00;0.00;0.00;0.00;0.00;0.00;0
21/03/2022 12:07:59;0;0;0.00;0.00;0;35947;0;0;0;0;0;0.00;0.00;0.00;0.00;0.00;0.00;0.00;0.00;0
21/03/2022 12:08:59;0;0;0.00;0.00;0;37393;0;0;0;0;0;0.00;0.00;0.00;0.00;0.00;0.00;0.00;0.00;0
21/03/2022 12:09:59;0;0;0.00;0.00;0;40195;0;0;0;0;0;0.00;0.00;0.00;0.00;0.00;0.00;0.00;0.00;0
21/03/2022 12:10:59;0;0;0.00;0.00;0;8234;0;0;0;0;0;0.00;0.00;0.00;0.00;0.00;0.00;0.00;0.00;0
21/03/2022 12:11:59;0;0;0.00;0.00;0;514;0;0;0;0;0;0.00;0.00;0.00;0.00;0.00;0.00;0.00;0.00;0
21/03/2022 12:12:59;0;0;0.00;0.00;0;721;0;0;0;0;0;0.00;0.00;0.00;0.00;0.00;0.00;0.00;0.00;0
21/03/2022 12:13:59;0;0;0.00;0.00;0;3;0;0;0;0;0;0.00;0.00;0.00;0.00;0.00;0.00;0.00;0.00;0
21/03/2022 12:14:59;0;0;0.00;0.00;0;1440;0;0;0;0;0;0.00;0.00;0.00;0.00;0.00;0.00;0.00;0.00;0
21/03/2022 12:15:59;0;0;0.00;0.00;0;47368;0;0;0;0;0;0.00;0.00;0.00;0.00;0.00;0.00;0.00;0.00;0
21/03/2022 12:16:59;0;0;0.00;0.00;0;58340;0;0;0;0;0;0.00;0.00;0.00;0.00;0.00;0.00;0.00;0.00;0
21/03/2022 12:17:59;0;0;0.00;0.00;0;52189;0;0;0;0;0;0.00;0.00;0.00;0.00;0.00;0.00;0.00;0.00;0
21/03/2022 12:18:59;0;0;0.00;0.00;0;54805;0;0;0;0;0;0.00;0.00;0.00;0.00;0.00;0.00;0.00;0.00;0
21/03/2022 12:19:59;0;0;0.00;0.00;0;56301;0;0;0;0;0;0.00;0.00;0.00;0.00;0.00;0.00;0.00;0.00;0
21/03/2022 12:20:59;0;0;0.00;0.00;0;57309;0;0;0;0;0;0.00;0.00;0.00;0.00;0.00;0.00;0.00;0.00;0
21/03/2022 12:21:59;0;0;0.00;0.00;0;58377;0;0;0;0;0;0.00;0.00;0.00;0.00;0.00;0.00;0.00;0.00;0
21/03/2022 12:22:59;0;0;0.00;0.00;0;54364;0;0;0;0;0;0.00;0.00;0.00;0.00;0.00;0.00;0.00;0.00;0
21/03/2022 12:23:59;0;0;0.00;0.00;0;55154;0;0;0;0;0;0.00;0.00;0.00;0.00;0.00;0.00;0.00;0.00;0
21/03/2022 12:24:59;0;0;0.00;0.00;0;53112;0;0;0;0;0;0.00;0.00;0.00;0.00;0.00;0.00;0.00;0.00;0
21/03/2022 12:25:59;0;0;0.00;0.00;0;25078;0;0;0;0;0;0.00;0.00;0.00;0.00;0.00;0.00;0.00;0.00;0
21/03/2022 12:26:59;0;0;0.00;0.00;0;1697;0;0;0;0;0;0.00;0.00;0.00;0.00;0.00;0.00;0.00;0.00;0
21/03/2022 12:27:59;0;0;0.00;0.00;0;771;0;0;0;0;0;0.00;0.00;0.00;0.00;0.00;0.00;0.00;0.00;0
21/03/2022 12:28:59;0;0;0.00;0.00;0;430;0;0;0;0;0;0.00;0.00;0.00;0.00;0.00;0.00;0.00;0.00;0
21/03/2022 12:29:59;0;0;0.00;0.00;0;289;0;0;0;0;0;0.00;0.00;0.00;0.00;0.00;0.00;0.00;0.00;0
21/03/2022 12:30:59;0;0;0.00;0.00;0;5953;0;0;0;0;0;0.00;0.00;0.00;0.00;0.00;0.00;0.00;0.00;0
21/03/2022 12:31:59;0;0;0.00;0.00;0;3757;0;0;0;0;0;0.00;0.00;0.00;0.00;0.00;0.00;0.00;0.00;0
21/03/2022 12:32:59;0;0;0.00;0.00;0;1957;0;0;0;0;0;0.00;0.00;0.00;0.00;0.00;0.00;0.00;0.00;0
21/03/2022 12:33:59;0;0;0.00;0.00;0;1713;0;0;0;0;0;0.00;0.00;0.00;0.00;0.00;0.00;0.00;0.00;0