+-------------+ Condor Instruments Report +-------------+
SOFTWARE_VERSION : 1.0.23
LOG_FILE_VERSION : 1.0.2
SUBJECT_NAME : Piloto ActTrust
SUBJECT_GENDER : Other
SUBJECT_DATE_OF_BIRTH : 01/01/2000
SUBJECT_DESCRIPTION : Teste Piloto Acttrust
DEVICE_ID : 3020
DEVICE_MODEL : ActTrust1
HARDWARE_VERSION : 3.5
FIRMWARE_VERSION : 3.8
MEMORY_SIZE : 7987712
LOG_SIZE : 29156
MEMORY_USAGE : 0.37 %
BATTERY_VOLTAGE : 4.21875
ERROR_FLAG : 0
ERROR_CODE : 0
POWER_DOWN_FLAG : 0
TAT_THRESHOLD : 1024
ORIENTATION : 0
MODE : PIM/TAT/ZCM
INTERVAL : 60
DATA_CORRECTION : 0
DATA_CORRECTION_DESCRIPTION : Nenhum
FILE_DATE_TIME : 27/06/2022 21:37:56
CONNECTION_SYSTEM_DATE_TIME : 27/06/2022 21:37:50
CONNECTION_DEVICE_DATE_TIME : 27/06/2022 21:43:10
+-------------------------------------------------------+
DATE/TIME;MS;EVENT;TEMPERATURE;EXT TEMPERATURE;ORIENTATION;PIM;PIMn;TAT;TATn;ZCM;ZCMn;LIGHT;AMB LIGHT;RED LIGHT;GREEN LIGHT;BLUE LIGHT;IR LIGHT;UVA LIGHT;UVB LIGHT;STATE
27/06/2022 13:50:39;0;0;27.25;24.62;0;7323;122.05;426;7.1;238;3.96667;0.90;0.37;0.17;0.14;0.08;0.08;0.00;0.00;0
27/06/2022 13:51:39;0;0;28.13;25.38;0;7578;126.3;440;7.33333;228;3.8;0.70;0.28;0.14;0.10;0.06;0.07;0.00;0.00;0
27/06/2022 13:52:39;0;0;28.63;26.06;0;2029;33.8167;127;2.11667;54;0.9;0.82;0.33;0.15;0.12;0.07;0.07;0.00;0.00;0
27/06/2022 13:53:39;0;0;29.08;26.62;0;1237;20.6167;72;1.2;25;0.416667;0.64;0.26;0.10;0.11;0.07;0.05;0.00;0.00;0
27/06/2022 13:54:39;0;0;29.34;27.06;0;1752;29.2;81;1.35;56;0.933333;0.82;0.33;0.19;0.10;0.06;0.09;0.00;0.00;0
27/06/2022 13:55:39;0;0;29.55;27.38;0;4194;69.9;229;3.81667;116;1.93333;1.18;0.48;0.20;0.20;0.11;0.10;0.00;0.00;0
27/06/2022 13:56:39;0;0;29.70;27.62;0;1683;28.05;123;2.05;21;0.35;0.92;0.37;0.18;0.14;0.08;0.09;0.00;0.00;0
27/06/2022 13:57:39;0;0;29.79;27.81;0;10;0.166667;0;0;0;0;0.81;0.33;0.18;0.10;0.05;0.09;0.00;0.00;0
27/06/2022 13:58:39;0;0;29.85;28.00;0;11;0.183333;0;0;0;0;0.82;0.33;0.19;0.10;0.05;0.09;0.00;0.00;0
27/06/2022 13:59:39;0;0;29.88;28.12;0;109;1.81667;11;0.183333;0;0;0.82;0.33;0.19;0.10;0.06;0.09;0.00;0.00;0
27/06/2022 14:00:39;0;0;29.92;28.19;0;71;1.18333;8;0.133333;0;0;0.76;0.31;0.18;0.09;0.05;0.09;0.00;0.00;0
27/06/2022 14:01:39;0;0;29.96;28.31;0;74;1.23333;7;0.116667;0;0;0.71;0.29;0.16;0.08;0.05;0.08;0.00;0.00;0
27/06/2022 14:02:39;0;0;30.01;28.38;0;39;0.65;4;0.0666667;0;0;0.72;0.29;0.16;0.08;0.05;0.08;0.00;0.00;0
27/06/2022 14:03:39;0;0;30.06;28.44;0;21;0.35;0;0;0;0;0.75;0.30;0.17;0.08;0.05;0.09;0.00;0.00;0
27/06/2022 14:04:39;0;0;30.06;28.50;0;4;0.0666667;0;0;0;0;0.72;0.29;0.16;0.08;0.05;0.08;0.00;0.00;0
27/06/2022 14:05:39;0;0;30.06;28.56;0;0;0;0;0;0;0;0.73;0.30;0.17;0.08;0.05;0.08;0.00;0.00;0
27/06/2022 14:06:39;0;0;30.10;28.56;0;3562;59.3667;245;4.08333;59;0.983333;0.62;0.25;0.14;0.07;0.05;0.07;0.00;0.00;0
27/06/2022 14:07:39;0;0;30.12;28.62;0;5550;92.5;439;7.31667;64;1.06667;0.57;0.23;0.13;0.07;0.04;0.06;0.00;0.00;0
27/06/2022 14:08:39;0;0;30.08;28.62;0;5558;92.6333;425;7.08333;69;1.15;0.51;0.21;0.12;0.06;0.04;0.06;0.00;0.00;0
27/06/2022 14:09:39;0;0;30.05;28.56;0;5223;87.05;411;6.85;48;0.8;0.52;0.21;0.12;0.06;0.04;0.06;0.00;0.00;0
27/06/2022 14:10:39;0;0;29.96;28.50;0;5860;97.6667;433;7.21667;101;1.68333;0.52;0.21;0.12;0.06;0.04;0.06;0.00;0.00;0
27/06/2022 14:11:39;0;0;29.86;28.44;0;5929;98.8167;471;7.85;94;1.56667;0.82;0.33;0.15;0.13;0.07;0.07;0.00;0.00;0
27/06/2022 14:12:39;0;0;29.77;28.38;0;6641;110.683;497;8.28333;118;1.96667;0.64;0.26;0.13;0.09;0.05;0.07;0.00;0.00;0
27/06/2022 14:13:39;0;0;29.68;28.31;0;5857;97.6167;448;7.46667;102;1.7;0.55;0.22;0.12;0.07;0.04;0.06;0.00;0.00;0
27/06/2022 14:14:39;0;0;29.58;28.25;0;6069;101.15;455;7.58333;129;2.15;0.51;0.21;0.12;0.06;0.04;0.06;0.00;0.00;0
27/06/2022 14:15:39;0;0;29.50;28.19;0;6213;103.55;460;7.66667;111;1.85;0.53;0.21;0.12;0.07;0.04;0.06;0.00;0.00;0
27/06/2022 14:16:39;0;0;29.42;28.06;0;5827;97.1167;453;7.55;109;1.81667;0.80;0.32;0.15;0.12;0.06;0.07;0.00;0.00;0
27/06/2022 14:17:39;0;0;29.37;28.06;0;1228;20.4667;123;2.05;7;0.116667;1.85;0.75;0.32;0.30;0.15;0.13;0.00;0.00;0
27/06/2022 14:18:39;0;0;29.33;28.00;0;588;9.8;43;0.716667;1;0.0166667;2.04;0.83;0.35;0.35;0.18;0.14;0.00;0.00;0
27/06/2022 14:19:39;0;0;29.36;28.06;0;737;12.2833;45;0.75;10;0.166667;1.10;0.45;0.22;0.16;0.09;0.11;0.00;0.00;0
27/06/2022 14:20:39;0;0;29.39;28.06;0;665;11.0833;60;1;2;0.0333333;0.80;0.32;0.18;0.10;0.05;0.10;0.00;0.00;0
27/06/2022 14:21:39;0;0;29.44;28.12;0;2634;43.9;190;3.16667;21;0.35;0.62;0.25;0.14;0.08;0.05;0.08;0.00;0.00;0
27/06/2022 14:22:39;0;0;29.42;28.12;0;7389;123.15;359;5.98333;119;1.98333;0.56;0.23;0.12;0.08;0.05;0.06;0.00;0.00;0
27/06/2022 14:23:39;0;0;29.35;28.06;0;6566;109.433;371;6.18333;81;1.35;0.55;0.22;0.12;0.07;0.04;0.06;0.00;0.00;0
27/06/2022 14:24:39;0;0;29.28;28.00;0;6669;111.15;388;6.46667;85;1.41667;0.55;0.22;0.12;0.07;0.04;0.06;0.00;0.00;0
27/06/2022 14:25:39;0;0;29.19;27.88;0;7596;126.6;411;6.85;124;2.06667;0.56;0.23;0.13;0.07;0.04;0.07;0.00;0.00;0
27/06/2022 14:26:39;0;0;29.08;27.81;0;6919;115.317;397;6.61667;82;1.36667;0.55;0.22;0.12;0.07;0.04;0.07;0.00;0.00;0
27/06/2022 14:27:39;0;0;28.98;27.69;0;6964;116.067;387;6.45;95;1.58333;0.55;0.22;0.12;0.07;0.04;0.06;0.00;0.00;0
27/06/2022 14:28:39;0;0;28.84;27.62;0;8084;134.733;479;7.98333;162;2.7;0.54;0.22;0.12;0.07;0.04;0.06;0.00;0.00;0
27/06/2022 14:29:39;0;0;28.72;27.50;0;7021;117.017;425;7.08333;111;1.85;0.54;0.22;0.12;0.07;0.04;0.06;0.00;0.00;0
27/06/2022 14:30:39;0;0;28.60;27.44;0;7506;125.1;427;7.11667;125;2.08333;0.55;0.22;0.12;0.07;0.04;0.06;0.00;0.00;0
27/06/2022 14:31:39;0;0;28.50;27.31;0;7292;121.533;409;6.81667;139;2.31667;0.64;0.26;0.14;0.08;0.05;0.07;0.00;0.00;0
27/06/2022 14:32:39;0;0;28.47;27.25;0;496;8.26667;37;0.616667;4;0.0666667;0.80;0.32;0.18;0.10;0.05;0.10;0.00;0.00;0
27/06/2022 14:33:39;0;0;28.47;27.31;0;810;13.5;36;0.6;16;0.266667;0.77;0.31;0.18;0.09;0.05;0.10;0.00;0.00;0
27/06/2022 14:34:39;0;0;28.50;27.31;0;438;7.3;30;0.5;2;0.0333333;0.77;0.31;0.18;0.09;0.05;0.10;0.00;0.00;0
27/06/2022 14:35:39;0;0;28.52;27.38;0;602;10.0333;39;0.65;6;0.1;0.78;0.32;0.18;0.09;0.05;0.10;0.00;0.00;0
27/06/2022 14:36:39;0;0;28.55;27.38;0;3756;62.6;144;2.4;131;2.18333;0.72;0.29;0.17;0.08;0.05;0.09;0.00;0.00;0
27/06/2022 14:37:39;0;0;28.52;27.38;0;13414;223.567;469;7.81667;592;9.86667;0.57;0.23;0.13;0.07;0.04;0.07;0.00;0.00;0
27/06/2022 14:38:39;0;0;28.43;27.31;0;33726;562.1;639;10.65;1392;23.2;0.81;0.33;0.16;0.12;0.06;0.07;0.00;0.00;0
27/06/2022 14:39:39;0;0;28.33;27.19;0;44458;740.967;612;10.2;1742;29.0333;1.02;0.42;0.18;0.17;0.09;0.08;0.00;0.00;0
27/06/2022 14:40:39;0;0;28.23;27.12;0;47976;799.6;595;9.91667;1877;31.2833;1.07;0.43;0.18;0.18;0.09;0.08;0.00;0.00;0
27/06/2022 14:41:39;0;0;28.12;27.00;0;50869;847.817;604;10.0667;1826;30.4333;0.84;0.34;0.17;0.12;0.06;0.08;0.00;0.00;0
27/06/2022 14:42:39;0;0;28.01;26.88;0;50416;840.267;594;9.9;1886;31.4333;1.00;0.41;0.17;0.17;0.09;0.08;0.00;0.00;0
27/06/2022 14:43:39;0;0;27.84;26.75;0;52738;878.967;638;10.6333;1853;30.8833;1.00;0.40;0.18;0.16;0.08;0.08;0.00;0.00;0
27/06/2022 14:44:39;0;0;27.68;26.62;0;52150;869.167;619;10.3167;1871;31.1833;1.10;0.45;0.20;0.18;0.09;0.09;0.00;0.00;0
27/06/2022 14:45:39;0;0;27.51;26.50;0;53636;893.933;568;9.46667;1936;32.2667;0.94;0.38;0.17;0.15;0.09;0.08;0.00;0.00;0
27/06/2022 14:46:39;0;0;27.38;26.38;0;52043;867.383;585;9.75;1886;31.4333;1.21;0.49;0.21;0.20;0.10;0.10;0.00;0.00;0
27/06/2022 14:47:39;0;0;27.34;26.25;0;6396;106.6;282;4.7;188;3.13333;0.72;0.29;0.17;0.08;0.05;0.09;0.00;0.00;0
27/06/2022 14:48:39;0;0;27.39;26.31;0;679;11.3167;83;1.38333;3;0.05;0.74;0.30;0.17;0.09;0.05;0.10;0.00;0.00;0
27/06/2022 14:49:39;0;0;27.44;26.38;0;1567;26.1167;92;1.53333;33;0.55;0.72;0.29;0.17;0.08;0.05;0.10;0.00;0.00;0
27/06/2022 14:50:39;0;0;27.47;26.38;0;1997;33.2833;153;2.55;37;0.616667;0.74;0.30;0.17;0.08;0.05;0.10;0.00;0.00;0
27/06/2022 14:51:39;0;0;27.52;26.50;0;6423;107.05;154;2.56667;185;3.08333;0.65;0.26;0.16;0.07;0.05;0.09;0.00;0.00;0
27/06/2022 14:52:39;0;0;27.41;26.44;0;61981;1033.02;615;10.25;1997;33.2833;1.16;0.47;0.20;0.19;0.10;0.09;0.00;0.00;0
27/06/2022 14:53:39;0;0;27.31;26.38;0;60368;1006.13;634;10.5667;1997;33.2833;1.00;0.40;0.18;0.16;0.09;0.08;0.00;0.00;0
27/06/2022 14:54:39;0;0;27.21;26.25;0;57952;965.867;655;10.9167;1931;32.1833;0.97;0.39;0.18;0.15;0.08;0.08;0.00;0.00;0
27/06/2022 14:55:39;0;0;27.13;26.12;0;59365;989.417;667;11.1167;1838;30.6333;1.01;0.41;0.21;0.14;0.07;0.10;0.00;0.00;0
27/06/2022 14:56:39;0;0;27.01;26.06;0;60462;1007.7;635;10.5833;1798;29.9667;1.07;0.43;0.22;0.15;0.07;0.10;0.00;0.00;0
27/06/2022 14:57:39;0;0;26.87;25.94;0;62147;1035.78;667;11.1167;1810;30.1667;0.99;0.40;0.21;0.13;0.06;0.10;0.00;0.00;0
27/06/2022 14:58:39;0;0;26.76;25.88;0;61964;1032.73;661;11.0167;1841;30.6833;0.94;0.38;0.20;0.12;0.07;0.10;0.00;0.00;0
27/06/2022 14:59:39;0;0;26.66;25.75;0;66893;1114.88;634;10.5667;1883;31.3833;0.97;0.39;0.20;0.13;0.06;0.10;0.00;0.00;0
27/06/2022 15:00:39;0;0;26.62;25.62;0;63515;1058.58;643;10.7167;1803;30.05;0.91;0.37;0.20;0.12;0.06;0.10;0.00;0.00;0
27/06/2022 15:01:39;0;0;26.55;25.56;0;63641;1060.68;684;11.4;1925;32.0833;0.96;0.39;0.19;0.14;0.07;0.09;0.00;0.00;0
27/06/2022 15:02:39;0;0;26.65;25.56;0;5715;95.25;141;2.35;185;3.08333;0.71;0.29;0.17;0.08;0.05;0.09;0.00;0.00;0
27/06/2022 15:03:39;0;0;26.89;25.69;0;384;6.4;30;0.5;3;0.05;0.85;0.34;0.20;0.10;0.05;0.10;0.00;0.00;0
27/06/2022 15:04:39;0;0;27.18;25.88;0;1663;27.7167;84;1.4;46;0.766667;0.75;0.30;0.17;0.09;0.05;0.09;0.00;0.00;0
27/06/2022 15:05:39;0;0;27.39;26.06;0;2032;33.8667;103;1.71667;64;1.06667;0.67;0.27;0.15;0.08;0.05;0.09;0.00;0.00;0
27/06/2022 15:06:39;0;0;27.50;26.25;0;4540;75.6667;232;3.86667;140;2.33333;0.91;0.37;0.19;0.12;0.07;0.10;0.00;0.00;0
27/06/2022 15:07:39;0;0;27.35;26.25;0;6429;107.15;350;5.83333;77;1.28333;0.55;0.22;0.12;0.07;0.04;0.06;0.00;0.00;0
27/06/2022 15:08:39;0;0;27.40;26.25;0;2297;38.2833;138;2.3;52;0.866667;0.98;0.40;0.17;0.16;0.09;0.09;0.00;0.00;0
27/06/2022 15:09:39;0;0;26.06;26.12;0;2454;40.9;159;2.65;73;1.21667;0.58;0.23;0.10;0.09;0.05;0.05;0.00;0.00;0