+-------------+ Condor Instruments Report +-------------+
SOFTWARE_VERSION : 1.0.23
LOG_FILE_VERSION : 1.0.2
SUBJECT_NAME : Piloto ActTrust
SUBJECT_GENDER : Other
SUBJECT_DATE_OF_BIRTH : 
SUBJECT_DESCRIPTION : Teste piloto ActTrust
DEVICE_ID : 3052
DEVICE_MODEL : ActTrust1
HARDWARE_VERSION : 3.5
FIRMWARE_VERSION : 3.8
MEMORY_SIZE : 7987712
LOG_SIZE : 29008
BATTERY_VOLTAGE : 4.23828
ERROR_FLAG : 0
ERROR_CODE : 0
POWER_DOWN_FLAG : 0
TAT_THRESHOLD : 1024
ORIENTATION : 0
MODE : PIM/TAT/ZCM
INTERVAL : 60
DATA_CORRECTION : 0
DATA_CORRECTION_DESCRIPTION : Nenhum
FILE_DATE_TIME : 03/07/2022 09:59:41
CONNECTION_SYSTEM_DATE_TIME : 27/06/2022 21:35:03
CONNECTION_DEVICE_DATE_TIME : 27/06/2022 21:40:23
+-------------------------------------------------------+
DATE/TIME;MS;EVENT;TEMPERATURE;EXT TEMPERATURE;ORIENTATION;PIM;PIMn;TAT;TATn;ZCM;ZCMn;LIGHT;AMB LIGHT;RED LIGHT;GREEN LIGHT;BLUE LIGHT;IR LIGHT;UVA LIGHT;UVB LIGHT;STATE
27/06/2022 13:50:52;0;0;25.59;24.50;0;6139;102.317;396;6.6;191;3.18333;0.26;0.11;0.05;0.04;0.02;0.03;0.00;0.00;0
27/06/2022 13:51:52;0;0;26.84;25.31;0;2274;37.9;196;3.26667;36;0.6;0.07;0.03;0.01;0.01;0.01;0.01;0.00;0.00;0
27/06/2022 13:52:52;0;0;27.63;26.06;0;85;1.41667;5;0.0833333;0;0;0.02;0.01;0.00;0.00;0.00;0.00;0.00;0.00;0
27/06/2022 13:53:52;0;0;28.26;26.81;0;167;2.78333;17;0.283333;1;0.0166667;0.01;0.00;0.00;0.00;0.00;0.00;0.00;0.00;0
27/06/2022 13:54:52;0;0;28.79;27.38;0;350;5.83333;33;0.55;0;0;0.02;0.01;0.00;0.00;0.00;0.01;0.00;0.00;0
27/06/2022 13:55:52;0;0;29.21;27.88;0;229;3.81667;18;0.3;0;0;0.02;0.01;0.00;0.00;0.00;0.01;0.00;0.00;0
27/06/2022 13:56:52;0;0;29.54;28.25;0;283;4.71667;21;0.35;0;0;0.02;0.01;0.00;0.00;0.00;0.01;0.00;0.00;0
27/06/2022 13:57:52;0;0;29.83;28.56;0;0;0;0;0;0;0;0.02;0.01;0.00;0.00;0.01;0.01;0.00;0.00;0
27/06/2022 13:58:52;0;0;30.06;28.88;0;0;0;0;0;0;0;0.02;0.01;0.00;0.01;0.01;0.01;0.00;0.00;0
27/06/2022 13:59:52;0;0;30.29;29.12;0;37;0.616667;1;0.0166667;0;0;0.02;0.01;0.00;0.01;0.01;0.01;0.00;0.00;0
27/06/2022 14:00:52;0;0;30.49;29.38;0;28;0.466667;3;0.05;0;0;0.02;0.01;0.00;0.01;0.01;0.01;0.00;0.00;0
27/06/2022 14:01:52;0;0;30.68;29.56;0;0;0;0;0;0;0;0.02;0.01;0.00;0.01;0.01;0.01;0.00;0.00;0
27/06/2022 14:02:52;0;0;30.85;29.75;0;0;0;0;0;0;0;0.02;0.01;0.00;0.01;0.01;0.01;0.00;0.00;0
27/06/2022 14:03:52;0;0;30.99;29.88;0;0;0;0;0;0;0;0.02;0.01;0.00;0.01;0.01;0.01;0.00;0.00;0
27/06/2022 14:04:52;0;0;31.12;30.06;0;0;0;0;0;0;0;0.02;0.01;0.00;0.01;0.01;0.01;0.00;0.00;0
27/06/2022 14:05:52;0;0;31.25;30.19;0;0;0;0;0;0;0;0.02;0.01;0.00;0.01;0.01;0.01;0.00;0.00;0
27/06/2022 14:06:52;0;0;31.37;30.31;0;6442;107.367;458;7.63333;197;3.28333;0.04;0.02;0.01;0.01;0.01;0.01;0.00;0.00;0
27/06/2022 14:07:52;0;0;31.43;30.38;0;9071;151.183;627;10.45;319;5.31667;0.06;0.02;0.01;0.01;0.01;0.01;0.00;0.00;0
27/06/2022 14:08:52;0;0;31.46;30.44;0;8960;149.333;625;10.4167;320;5.33333;0.04;0.02;0.01;0.01;0.01;0.01;0.00;0.00;0
27/06/2022 14:09:52;0;0;31.49;30.50;0;9279;154.65;628;10.4667;320;5.33333;0.07;0.03;0.02;0.01;0.01;0.01;0.00;0.00;0
27/06/2022 14:10:52;0;0;31.52;30.50;0;9780;163;679;11.3167;341;5.68333;0.06;0.02;0.01;0.01;0.01;0.01;0.00;0.00;0
27/06/2022 14:11:52;0;0;31.53;30.56;0;10011;166.85;660;11;358;5.96667;0.06;0.02;0.02;0.01;0.01;0.01;0.00;0.00;0
27/06/2022 14:12:52;0;0;31.57;30.56;0;10347;172.45;694;11.5667;381;6.35;0.11;0.04;0.02;0.01;0.01;0.02;0.00;0.00;0
27/06/2022 14:13:52;0;0;31.57;30.62;0;10451;174.183;702;11.7;377;6.28333;0.12;0.05;0.03;0.02;0.01;0.02;0.00;0.00;0
27/06/2022 14:14:52;0;0;31.59;30.62;0;10116;168.6;698;11.6333;364;6.06667;0.10;0.04;0.02;0.01;0.01;0.02;0.00;0.00;0
27/06/2022 14:15:52;0;0;31.63;30.69;0;10320;172;701;11.6833;375;6.25;0.12;0.05;0.03;0.02;0.01;0.02;0.00;0.00;0
27/06/2022 14:16:52;0;0;31.65;30.69;0;5890;98.1667;411;6.85;207;3.45;0.11;0.04;0.02;0.01;0.01;0.02;0.00;0.00;0
27/06/2022 14:17:52;0;0;31.68;30.69;0;188;3.13333;23;0.383333;1;0.0166667;0.08;0.03;0.02;0.01;0.01;0.01;0.00;0.00;0
27/06/2022 14:18:52;0;0;31.72;30.75;0;6;0.1;0;0;0;0;0.08;0.03;0.02;0.01;0.01;0.01;0.00;0.00;0
27/06/2022 14:19:52;0;0;31.77;30.81;0;199;3.31667;16;0.266667;0;0;0.07;0.03;0.02;0.01;0.01;0.01;0.00;0.00;0
27/06/2022 14:20:52;0;0;31.80;30.81;0;529;8.81667;44;0.733333;2;0.0333333;0.06;0.02;0.01;0.01;0.01;0.01;0.00;0.00;0
27/06/2022 14:21:52;0;0;31.81;30.88;0;9942;165.7;565;9.41667;379;6.31667;0.06;0.02;0.01;0.01;0.01;0.01;0.00;0.00;0
27/06/2022 14:22:52;0;0;31.79;30.88;0;17310;288.5;881;14.6833;687;11.45;0.05;0.02;0.01;0.01;0.01;0.01;0.00;0.00;0
27/06/2022 14:23:52;0;0;31.77;30.88;0;17291;288.183;926;15.4333;718;11.9667;0.05;0.02;0.01;0.01;0.01;0.01;0.00;0.00;0
27/06/2022 14:24:52;0;0;31.75;30.88;0;17107;285.117;897;14.95;715;11.9167;0.04;0.02;0.01;0.01;0.01;0.01;0.00;0.00;0
27/06/2022 14:25:52;0;0;31.72;30.88;0;17193;286.55;941;15.6833;687;11.45;0.05;0.02;0.01;0.01;0.01;0.01;0.00;0.00;0
27/06/2022 14:26:52;0;0;31.71;30.88;0;17482;291.367;879;14.65;724;12.0667;0.04;0.02;0.01;0.01;0.01;0.01;0.00;0.00;0
27/06/2022 14:27:52;0;0;31.69;30.88;0;17075;284.583;921;15.35;691;11.5167;0.05;0.02;0.01;0.01;0.01;0.01;0.00;0.00;0
27/06/2022 14:28:52;0;0;31.69;30.81;0;17106;285.1;895;14.9167;712;11.8667;0.04;0.02;0.01;0.01;0.01;0.01;0.00;0.00;0
27/06/2022 14:29:52;0;0;31.68;30.81;0;17746;295.767;945;15.75;726;12.1;0.04;0.02;0.01;0.01;0.01;0.01;0.00;0.00;0
27/06/2022 14:30:52;0;0;31.66;30.81;0;17331;288.85;903;15.05;712;11.8667;0.04;0.02;0.01;0.01;0.01;0.01;0.00;0.00;0
27/06/2022 14:31:52;0;0;31.67;30.81;0;11904;198.4;627;10.45;464;7.73333;0.04;0.02;0.01;0.01;0.01;0.01;0.00;0.00;0
27/06/2022 14:32:52;0;0;31.72;30.81;0;1237;20.6167;112;1.86667;17;0.283333;0.04;0.02;0.01;0.01;0.01;0.01;0.00;0.00;0
27/06/2022 14:33:52;0;0;31.75;30.88;0;382;6.36667;32;0.533333;4;0.0666667;0.17;0.07;0.04;0.02;0.01;0.02;0.00;0.00;0
27/06/2022 14:34:52;0;0;31.76;30.88;0;323;5.38333;28;0.466667;0;0;0.12;0.05;0.03;0.02;0.01;0.02;0.00;0.00;0
27/06/2022 14:35:52;0;0;31.79;30.88;0;382;6.36667;42;0.7;1;0.0166667;0.12;0.05;0.03;0.02;0.01;0.02;0.00;0.00;0
27/06/2022 14:36:52;0;0;31.80;30.94;0;11926;198.767;468;7.8;489;8.15;0.09;0.04;0.02;0.01;0.01;0.01;0.00;0.00;0
27/06/2022 14:37:52;0;0;31.77;30.94;0;29913;498.55;1037;17.2833;1250;20.8333;0.08;0.03;0.02;0.01;0.01;0.01;0.00;0.00;0
27/06/2022 14:38:52;0;0;31.75;30.88;0;41654;694.233;1204;20.0667;1403;23.3833;0.05;0.02;0.01;0.01;0.01;0.01;0.00;0.00;0
27/06/2022 14:39:52;0;0;31.77;30.88;0;50526;842.1;1222;20.3667;1532;25.5333;0.01;0.00;0.00;0.00;0.00;0.00;0.00;0.00;0
27/06/2022 14:40:52;0;0;31.79;30.88;0;48483;808.05;1258;20.9667;1572;26.2;0.02;0.01;0.00;0.01;0.00;0.01;0.00;0.00;0
27/06/2022 14:41:52;0;0;31.84;30.88;0;50874;847.9;1245;20.75;1619;26.9833;0.01;0.00;0.00;0.01;0.01;0.01;0.00;0.00;0
27/06/2022 14:42:52;0;0;31.89;30.88;0;50360;839.333;1242;20.7;1633;27.2167;0.01;0.00;0.00;0.00;0.01;0.01;0.00;0.00;0
27/06/2022 14:43:52;0;0;31.92;30.94;0;50652;844.2;1247;20.7833;1624;27.0667;0.02;0.01;0.00;0.01;0.01;0.01;0.00;0.00;0
27/06/2022 14:44:52;0;0;31.97;31.00;0;50970;849.5;1215;20.25;1641;27.35;0.02;0.01;0.00;0.01;0.01;0.01;0.00;0.00;0
27/06/2022 14:45:52;0;0;32.03;31.00;0;47983;799.717;1208;20.1333;1603;26.7167;0.02;0.01;0.00;0.01;0.01;0.01;0.00;0.00;0
27/06/2022 14:46:52;0;0;32.10;31.06;0;38766;646.1;1075;17.9167;1303;21.7167;0.02;0.01;0.00;0.01;0.01;0.01;0.00;0.00;0
27/06/2022 14:47:52;0;0;32.21;31.19;0;1301;21.6833;103;1.71667;16;0.266667;0.02;0.01;0.00;0.01;0.01;0.01;0.00;0.00;0
27/06/2022 14:48:52;0;0;32.34;31.31;0;2887;48.1167;316;5.26667;37;0.616667;0.02;0.01;0.00;0.01;0.01;0.01;0.00;0.00;0
27/06/2022 14:49:52;0;0;32.42;31.38;0;1007;16.7833;104;1.73333;10;0.166667;0.02;0.01;0.00;0.01;0.01;0.01;0.00;0.00;0
27/06/2022 14:50:52;0;0;32.42;31.50;0;2850;47.5;221;3.68333;64;1.06667;0.02;0.01;0.00;0.01;0.01;0.01;0.00;0.00;0
27/06/2022 14:51:52;0;0;32.42;31.50;0;18388;306.467;539;8.98333;572;9.53333;0.02;0.01;0.00;0.01;0.01;0.01;0.00;0.00;0
27/06/2022 14:52:52;0;0;32.32;31.50;0;55975;932.917;1318;21.9667;1796;29.9333;0.02;0.01;0.00;0.01;0.01;0.01;0.00;0.00;0
27/06/2022 14:53:52;0;0;32.26;31.38;0;54298;904.967;1335;22.25;1736;28.9333;0.01;0.00;0.00;0.01;0.01;0.01;0.00;0.00;0
27/06/2022 14:54:52;0;0;32.20;31.31;0;53340;889;1309;21.8167;1711;28.5167;0.02;0.01;0.00;0.01;0.01;0.00;0.00;0.00;0
27/06/2022 14:55:52;0;0;32.15;31.25;0;55691;928.183;1284;21.4;1720;28.6667;0.01;0.00;0.00;0.01;0.01;0.01;0.00;0.00;0
27/06/2022 14:56:52;0;0;32.10;31.19;0;55480;924.667;1269;21.15;1713;28.55;0.02;0.01;0.00;0.01;0.01;0.01;0.00;0.00;0
27/06/2022 14:57:52;0;0;32.04;31.12;0;55692;928.2;1271;21.1833;1728;28.8;0.01;0.00;0.00;0.01;0.01;0.01;0.00;0.00;0
27/06/2022 14:58:52;0;0;31.99;31.06;0;57119;951.983;1311;21.85;1742;29.0333;0.02;0.01;0.00;0.01;0.01;0.01;0.00;0.00;0
27/06/2022 14:59:52;0;0;31.94;31.00;0;58026;967.1;1332;22.2;1775;29.5833;0.01;0.00;0.00;0.01;0.01;0.01;0.00;0.00;0
27/06/2022 15:00:52;0;0;31.89;31.00;0;59326;988.767;1303;21.7167;1767;29.45;0.01;0.00;0.00;0.01;0.01;0.01;0.00;0.00;0
27/06/2022 15:01:52;0;0;31.86;30.94;0;50832;847.2;1216;20.2667;1564;26.0667;0.02;0.01;0.00;0.01;0.01;0.01;0.00;0.00;0
27/06/2022 15:02:52;0;0;31.91;30.94;0;1113;18.55;96;1.6;8;0.133333;0.01;0.00;0.00;0.01;0.01;0.01;0.00;0.00;0
27/06/2022 15:03:52;0;0;32.04;31.00;0;318;5.3;24;0.4;5;0.0833333;0.02;0.01;0.00;0.01;0.01;0.01;0.00;0.00;0
27/06/2022 15:04:52;0;0;32.20;31.12;0;311;5.18333;26;0.433333;0;0;0.02;0.01;0.00;0.01;0.01;0.01;0.00;0.00;0
27/06/2022 15:05:52;0;0;32.32;31.25;0;418;6.96667;39;0.65;3;0.05;0.02;0.01;0.00;0.01;0.01;0.01;0.00;0.00;0
27/06/2022 15:06:52;0;0;32.37;31.31;0;3183;53.05;262;4.36667;55;0.916667;0.02;0.01;0.00;0.01;0.01;0.01;0.00;0.00;0
27/06/2022 15:07:52;0;0;32.35;31.38;0;5436;90.6;453;7.55;96;1.6;0.02;0.01;0.00;0.01;0.01;0.01;0.00;0.00;0
27/06/2022 15:08:52;0;0;32.38;31.38;0;844;14.0667;55;0.916667;10;0.166667;0.02;0.01;0.00;0.00;0.01;0.01;0.00;0.00;0
27/06/2022 15:09:52;0;0;30.13;31.06;0;2234;37.2333;144;2.4;79;1.31667;0.58;0.23;0.07;0.12;0.07;0.04;0.00;0.00;0