+-------------+ Condor Instruments Report +-------------+
SOFTWARE_VERSION : 1.0.23
LOG_FILE_VERSION : 1.0.2
SUBJECT_NAME : Piloto ActTrust
SUBJECT_GENDER : Other
SUBJECT_DATE_OF_BIRTH : 01/01/2000
SUBJECT_DESCRIPTION : Primeiro dia de teste piloto
DEVICE_ID : 3052
DEVICE_MODEL : ActTrust1
HARDWARE_VERSION : 3.5
FIRMWARE_VERSION : 3.8
MEMORY_SIZE : 7987712
LOG_SIZE : 7987708
MEMORY_USAGE : 100.00 %
BATTERY_VOLTAGE : 4.23828
ERROR_FLAG : 0
ERROR_CODE : 0
POWER_DOWN_FLAG : 0
TAT_THRESHOLD : 1024
ORIENTATION : 0
MODE : PIM/TAT/ZCM
INTERVAL : 1
DATA_CORRECTION : 0
DATA_CORRECTION_DESCRIPTION : Nenhum
FILE_DATE_TIME : 09/05/2022 09:19:51
CONNECTION_SYSTEM_DATE_TIME : 09/05/2022 09:15:07
CONNECTION_DEVICE_DATE_TIME : 09/05/2022 09:15:10
+-------------------------------------------------------+
DATE/TIME;MS;EVENT;TEMPERATURE;EXT TEMPERATURE;ORIENTATION;PIM;PIMn;TAT;TATn;ZCM;ZCMn;LIGHT;AMB LIGHT;RED LIGHT;GREEN LIGHT;BLUE LIGHT;IR LIGHT;UVA LIGHT;UVB LIGHT;STATE
03/05/2022 17:42:52;0;0;30.28;28.49;0;33;0.55;2;0.0333333;0;0;0.01;0.00;0.00;0.00;0.01;0.00;0.00;0.00;0
03/05/2022 17:43:52;0;0;30.58;28.84;0;159;2.65;6;0.1;0;0;0.01;0.00;0.00;0.00;0.01;0.00;0.00;0.00;0
03/05/2022 17:44:52;0;0;30.83;29.15;0;0;0;0;0;0;0;0.01;0.00;0.00;0.00;0.01;0.00;0.00;0.00;0
03/05/2022 17:45:52;0;0;31.04;29.41;0;0;0;0;0;0;0;0.01;0.00;0.00;0.00;0.01;0.00;0.00;0.00;0
03/05/2022 17:46:52;0;0;31.23;29.62;0;0;0;0;0;0;0;0.01;0.00;0.00;0.00;0.01;0.00;0.00;0.00;0
03/05/2022 17:47:52;0;0;31.38;29.81;0;0;0;0;0;0;0;0.01;0.00;0.00;0.00;0.01;0.00;0.00;0.00;0
03/05/2022 17:48:52;0;0;31.52;29.98;0;0;0;0;0;0;0;0.01;0.00;0.00;0.00;0.01;0.00;0.00;0.00;0
03/05/2022 17:49:52;0;0;31.63;30.11;0;0;0;0;0;0;0;0.01;0.00;0.00;0.00;0.01;0.00;0.00;0.00;0
03/05/2022 17:50:52;0;0;31.73;30.24;0;0;0;0;0;0;0;0.01;0.00;0.00;0.00;0.01;0.00;0.00;0.00;0
03/05/2022 17:51:52;0;0;31.81;30.35;0;0;0;0;0;0;0;0.01;0.00;0.00;0.00;0.01;0.00;0.00;0.00;0
03/05/2022 17:52:52;0;0;31.88;30.43;0;0;0;0;0;0;0;0.01;0.00;0.00;0.00;0.01;0.00;0.00;0.00;0
03/05/2022 17:53:52;0;0;31.94;30.51;0;0;0;0;0;0;0;0.01;0.00;0.00;0.00;0.01;0.00;0.00;0.00;0
03/05/2022 17:54:52;0;0;32.00;30.58;0;3408;56.8;276;4.6;76;1.26667;0.01;0.00;0.00;0.00;0.01;0.00;0.00;0.00;0
03/05/2022 17:55:52;0;0;32.04;30.62;0;6826;113.767;561;9.35;153;2.55;0.01;0.00;0.00;0.00;0.01;0.00;0.00;0.00;0
03/05/2022 17:56:52;0;0;32.07;30.62;0;6866;114.433;534;8.9;156;2.6;0.01;0.00;0.00;0.00;0.01;0.00;0.00;0.00;0
03/05/2022 17:57:52;0;0;32.09;30.65;0;6470;107.833;512;8.53333;133;2.21667;0.01;0.00;0.00;0.00;0.01;0.00;0.00;0.00;0
03/05/2022 17:58:52;0;0;32.11;30.69;0;6758;112.633;525;8.75;161;2.68333;0.01;0.00;0.00;0.00;0.01;0.00;0.00;0.00;0
03/05/2022 17:59:52;0;0;32.12;30.69;0;6924;115.4;552;9.2;150;2.5;0.01;0.00;0.00;0.00;0.01;0.00;0.00;0.00;0
03/05/2022 18:00:52;0;0;32.14;30.70;0;6972;116.2;551;9.18333;154;2.56667;0.01;0.00;0.00;0.00;0.01;0.00;0.00;0.00;0
03/05/2022 18:01:52;0;0;32.17;30.75;0;6749;112.483;534;8.9;150;2.5;0.01;0.00;0.00;0.00;0.01;0.00;0.00;0.00;0
03/05/2022 18:02:52;0;0;32.20;30.76;0;6866;114.433;550;9.16667;143;2.38333;0.01;0.00;0.00;0.00;0.01;0.00;0.00;0.00;0
03/05/2022 18:03:52;0;0;32.24;30.81;0;6938;115.633;530;8.83333;169;2.81667;0.01;0.00;0.00;0.00;0.01;0.00;0.00;0.00;0
03/05/2022 18:04:52;0;0;32.28;30.86;0;5234;87.2333;431;7.18333;101;1.68333;0.01;0.00;0.00;0.00;0.01;0.00;0.00;0.00;0
03/05/2022 18:05:52;0;0;32.32;30.89;0;29;0.483333;1;0.0166667;0;0;0.01;0.00;0.00;0.00;0.01;0.00;0.00;0.00;0
03/05/2022 18:06:52;0;0;32.36;30.95;0;20;0.333333;3;0.05;0;0;0.01;0.00;0.00;0.00;0.01;0.00;0.00;0.00;0
03/05/2022 18:07:52;0;0;32.40;31.01;0;62;1.03333;4;0.0666667;0;0;0.01;0.00;0.00;0.01;0.01;0.00;0.00;0.00;0
03/05/2022 18:08:52;0;0;32.44;31.07;0;6;0.1;0;0;0;0;0.02;0.01;0.00;0.01;0.01;0.00;0.00;0.00;0
03/05/2022 18:09:52;0;0;32.47;31.13;0;5092;84.8667;262;4.36667;191;3.18333;0.01;0.00;0.00;0.01;0.01;0.00;0.00;0.00;0
03/05/2022 18:10:52;0;0;32.49;31.17;0;16095;268.25;700;11.6667;672;11.2;0.01;0.00;0.00;0.01;0.01;0.00;0.00;0.00;0
03/05/2022 18:11:52;0;0;32.46;31.12;0;16107;268.45;718;11.9667;661;11.0167;0.01;0.00;0.00;0.00;0.01;0.00;0.00;0.00;0
03/05/2022 18:12:52;0;0;32.43;31.09;0;16353;272.55;733;12.2167;670;11.1667;0.01;0.00;0.00;0.00;0.01;0.00;0.00;0.00;0
03/05/2022 18:13:52;0;0;32.40;31.04;0;15711;261.85;728;12.1333;648;10.8;0.01;0.00;0.00;0.00;0.01;0.00;0.00;0.00;0
03/05/2022 18:14:52;0;0;32.37;31.00;0;16356;272.6;754;12.5667;649;10.8167;0.01;0.00;0.00;0.00;0.01;0.00;0.00;0.00;0
03/05/2022 18:15:52;0;0;32.34;30.95;0;15720;262;723;12.05;622;10.3667;0.01;0.00;0.00;0.00;0.01;0.00;0.00;0.00;0
03/05/2022 18:16:52;0;0;32.31;30.89;0;16304;271.733;746;12.4333;659;10.9833;0.01;0.00;0.00;0.00;0.01;0.00;0.00;0.00;0
03/05/2022 18:17:52;0;0;32.28;30.85;0;15807;263.45;731;12.1833;626;10.4333;0.01;0.00;0.00;0.00;0.01;0.00;0.00;0.00;0
03/05/2022 18:18:52;0;0;32.26;30.81;0;15671;261.183;741;12.35;631;10.5167;0.01;0.00;0.00;0.00;0.01;0.00;0.00;0.00;0
03/05/2022 18:19:52;0;0;32.24;30.76;0;12852;214.2;615;10.25;498;8.3;0.01;0.00;0.00;0.00;0.01;0.00;0.00;0.00;0
03/05/2022 18:20:52;0;0;32.24;30.75;0;143;2.38333;14;0.233333;0;0;0.01;0.00;0.00;0.00;0.01;0.00;0.00;0.00;0
03/05/2022 18:21:52;0;0;32.28;30.77;0;0;0;0;0;0;0;0.01;0.00;0.00;0.00;0.01;0.00;0.00;0.00;0
03/05/2022 18:22:52;0;0;32.32;30.82;0;150;2.5;9;0.15;0;0;0.01;0.00;0.00;0.00;0.01;0.00;0.00;0.00;0
03/05/2022 18:23:52;0;0;32.37;30.88;0;12;0.2;0;0;0;0;0.02;0.01;0.00;0.00;0.01;0.00;0.00;0.00;0
03/05/2022 18:24:52;0;0;32.40;30.93;0;8135;135.583;299;4.98333;348;5.8;0.02;0.01;0.00;0.01;0.01;0.00;0.00;0.00;0
03/05/2022 18:25:52;0;0;32.39;30.95;0;27739;462.317;926;15.4333;1170;19.5;0.01;0.00;0.00;0.00;0.01;0.00;0.00;0.00;0
03/05/2022 18:26:52;0;0;32.33;30.90;0;28765;479.417;901;15.0167;1185;19.75;0.01;0.00;0.00;0.00;0.01;0.00;0.00;0.00;0
03/05/2022 18:27:52;0;0;32.26;30.84;0;28833;480.55;901;15.0167;1206;20.1;0.01;0.00;0.00;0.01;0.01;0.00;0.00;0.00;0
03/05/2022 18:28:52;0;0;32.20;30.77;0;28078;467.967;848;14.1333;1190;19.8333;0.02;0.01;0.00;0.01;0.01;0.00;0.00;0.00;0
03/05/2022 18:29:52;0;0;32.13;30.69;0;27935;465.583;860;14.3333;1177;19.6167;0.02;0.01;0.00;0.01;0.01;0.00;0.00;0.00;0
03/05/2022 18:30:52;0;0;32.03;30.59;0;28576;476.267;862;14.3667;1198;19.9667;0.02;0.01;0.00;0.01;0.01;0.00;0.00;0.00;0
03/05/2022 18:31:52;0;0;31.93;30.49;0;28111;468.517;877;14.6167;1178;19.6333;0.02;0.01;0.00;0.01;0.01;0.00;0.00;0.00;0
03/05/2022 18:32:52;0;0;31.83;30.37;0;27895;464.917;893;14.8833;1218;20.3;0.02;0.01;0.00;0.01;0.01;0.00;0.00;0.00;0
03/05/2022 18:33:52;0;0;31.74;30.28;0;28636;477.267;917;15.2833;1205;20.0833;0.02;0.01;0.00;0.01;0.01;0.00;0.00;0.00;0
03/05/2022 18:34:52;0;0;31.63;30.21;0;26391;439.85;917;15.2833;1095;18.25;0.02;0.01;0.00;0.01;0.01;0.00;0.00;0.00;0
03/05/2022 18:35:52;0;0;31.51;30.12;0;1066;17.7667;99;1.65;10;0.166667;0.03;0.01;0.00;0.01;0.01;0.00;0.00;0.00;0
03/05/2022 18:36:52;0;0;31.23;30.06;0;179;2.98333;9;0.15;0;0;0.04;0.02;0.00;0.01;0.01;0.00;0.00;0.00;0
03/05/2022 18:37:52;0;0;30.91;29.94;0;200;3.33333;16;0.266667;0;0;0.03;0.01;0.00;0.01;0.01;0.00;0.00;0.00;0
03/05/2022 18:38:52;0;0;30.68;29.78;0;230;3.83333;16;0.266667;0;0;0.03;0.01;0.00;0.01;0.01;0.00;0.00;0.00;0
03/05/2022 18:39:52;0;0;30.52;29.63;0;9109;151.817;311;5.18333;310;5.16667;0.03;0.01;0.00;0.01;0.01;0.00;0.00;0.00;0
03/05/2022 18:40:52;0;0;30.25;29.47;0;47121;785.35;1116;18.6;1588;26.4667;0.03;0.01;0.00;0.01;0.01;0.00;0.00;0.00;0
03/05/2022 18:41:52;0;0;30.03;29.25;0;46833;780.55;1089;18.15;1600;26.6667;0.03;0.01;0.00;0.01;0.01;0.00;0.00;0.00;0
03/05/2022 18:42:52;0;0;29.95;29.06;0;46676;777.933;1053;17.55;1593;26.55;0.03;0.01;0.00;0.01;0.01;0.00;0.00;0.00;0
03/05/2022 18:43:52;0;0;29.92;28.98;0;47351;789.183;1105;18.4167;1599;26.65;0.03;0.01;0.00;0.01;0.01;0.00;0.00;0.00;0
03/05/2022 18:44:52;0;0;29.88;28.91;0;47418;790.3;1096;18.2667;1626;27.1;0.03;0.01;0.00;0.01;0.01;0.00;0.00;0.00;0
03/05/2022 18:45:52;0;0;29.83;28.86;0;47899;798.317;1090;18.1667;1615;26.9167;0.03;0.01;0.00;0.01;0.01;0.00;0.00;0.00;0
03/05/2022 18:46:52;0;0;29.76;28.79;0;48174;802.9;1078;17.9667;1663;27.7167;0.03;0.01;0.00;0.01;0.01;0.00;0.00;0.00;0
03/05/2022 18:47:52;0;0;29.69;28.74;0;47427;790.45;1067;17.7833;1640;27.3333;0.03;0.01;0.00;0.01;0.01;0.00;0.00;0.00;0
03/05/2022 18:48:52;0;0;29.65;28.69;0;47600;793.333;1088;18.1333;1625;27.0833;0.03;0.01;0.00;0.01;0.01;0.00;0.00;0.00;0
03/05/2022 18:49:52;0;0;29.60;28.63;0;44805;746.75;1038;17.3;1558;25.9667;0.03;0.01;0.00;0.01;0.01;0.00;0.00;0.00;0
03/05/2022 18:50:52;0;0;29.75;28.62;0;1083;18.05;84;1.4;25;0.416667;0.04;0.02;0.00;0.01;0.01;0.00;0.00;0.00;0
03/05/2022 18:51:52;0;0;30.10;28.74;0;77;1.28333;6;0.1;3;0.05;0.04;0.02;0.00;0.01;0.01;0.00;0.00;0.00;0
03/05/2022 18:52:52;0;0;30.36;28.95;0;127;2.11667;10;0.166667;0;0;0.04;0.02;0.00;0.01;0.01;0.00;0.00;0.00;0
03/05/2022 18:53:52;0;0;30.58;29.15;0;21;0.35;0;0;0;0;0.04;0.02;0.00;0.01;0.01;0.00;0.00;0.00;0