+-------------+ Condor Instruments Report +-------------+
SOFTWARE_VERSION : 1.0.23
LOG_FILE_VERSION : 1.0.2
SUBJECT_NAME : Piloto ActTrust
SUBJECT_GENDER : Other
SUBJECT_DATE_OF_BIRTH : 
SUBJECT_DESCRIPTION : Teste Piloto Acttrust
DEVICE_ID : 3020
DEVICE_MODEL : ActTrust1
HARDWARE_VERSION : 3.5
FIRMWARE_VERSION : 3.8
MEMORY_SIZE : 7987712
LOG_SIZE : 3195542
BATTERY_VOLTAGE : 4.21875
ERROR_FLAG : 0
ERROR_CODE : 0
POWER_DOWN_FLAG : 0
TAT_THRESHOLD : 1024
ORIENTATION : 0
MODE : PIM/TAT/ZCM
INTERVAL : 1
DATA_CORRECTION : 0
DATA_CORRECTION_DESCRIPTION : Nenhum
FILE_DATE_TIME : 19/09/2022 15:18:09
CONNECTION_SYSTEM_DATE_TIME : 19/07/2022 20:28:29
CONNECTION_DEVICE_DATE_TIME : 19/07/2022 20:28:29
+-------------------------------------------------------+
DATE/TIME;MS;EVENT;TEMPERATURE;EXT TEMPERATURE;ORIENTATION;PIM;PIMn;TAT;TATn;ZCM;ZCMn;LIGHT;AMB LIGHT;RED LIGHT;GREEN LIGHT;BLUE LIGHT;IR LIGHT;UVA LIGHT;UVB LIGHT;STATE
19/07/2022 09:50:02;0;0;22.72;22.66;0;0;0;0;0;0;0;2.06;0.84;0.27;0.41;0.25;0.14;0.00;0.00;0
19/07/2022 09:51:02;0;0;22.65;22.58;0;4;0.0666667;0;0;0;0;2.08;0.84;0.27;0.42;0.25;0.14;0.00;0.00;0
19/07/2022 09:52:02;0;0;23.95;22.63;0;7326;122.1;395;6.58333;214;3.56667;1.43;0.58;0.33;0.17;0.10;0.17;0.00;0.00;0
19/07/2022 09:53:02;0;0;25.54;23.20;0;3693;61.55;193;3.21667;122;2.03333;1.66;0.67;0.41;0.17;0.09;0.21;0.00;0.00;0
19/07/2022 09:54:02;0;0;26.21;23.86;0;1696;28.2667;64;1.06667;59;0.983333;2.10;0.85;0.55;0.21;0.12;0.27;0.00;0.00;0
19/07/2022 09:55:02;0;0;26.62;24.41;0;2138;35.6333;123;2.05;41;0.683333;1.37;0.55;0.34;0.15;0.09;0.17;0.00;0.00;0
19/07/2022 09:56:02;0;0;26.94;24.81;0;5338;88.9667;338;5.63333;138;2.3;1.91;0.77;0.48;0.20;0.11;0.23;0.00;0.00;0
19/07/2022 09:57:02;0;0;27.20;25.12;0;2249;37.4833;174;2.9;32;0.533333;2.09;0.85;0.53;0.21;0.11;0.25;0.00;0.00;0
19/07/2022 09:58:02;0;0;27.44;25.41;0;326;5.43333;14;0.233333;0;0;2.38;0.97;0.63;0.24;0.13;0.29;0.00;0.00;0
19/07/2022 09:59:02;0;0;27.65;25.66;0;1716;28.6;93;1.55;15;0.25;2.35;0.95;0.58;0.25;0.14;0.27;0.00;0.00;0
19/07/2022 10:00:02;0;0;27.83;25.86;0;1125;18.75;48;0.8;1;0.0166667;2.34;0.95;0.61;0.24;0.13;0.29;0.00;0.00;0
19/07/2022 10:01:02;0;0;27.99;26.05;0;1358;22.6333;87;1.45;1;0.0166667;2.36;0.96;0.61;0.24;0.13;0.29;0.00;0.00;0
19/07/2022 10:02:02;0;0;28.11;26.21;0;2761;46.0167;168;2.8;58;0.966667;2.26;0.91;0.57;0.24;0.13;0.27;0.00;0.00;0
19/07/2022 10:03:02;0;0;28.20;26.35;0;2502;41.7;137;2.28333;94;1.56667;2.33;0.95;0.46;0.33;0.18;0.20;0.00;0.00;0
19/07/2022 10:04:02;0;0;28.24;26.48;0;1728;28.8;120;2;19;0.316667;1.67;0.68;0.36;0.21;0.12;0.16;0.00;0.00;0
19/07/2022 10:05:02;0;0;28.29;26.58;0;835;13.9167;40;0.666667;28;0.466667;2.19;0.89;0.53;0.23;0.12;0.26;0.00;0.00;0
19/07/2022 10:06:02;0;0;28.38;26.68;0;0;0;0;0;0;0;2.23;0.90;0.54;0.23;0.13;0.26;0.00;0.00;0
19/07/2022 10:07:02;0;0;28.46;26.78;0;0;0;0;0;0;0;2.20;0.89;0.52;0.23;0.13;0.26;0.00;0.00;0
19/07/2022 10:08:02;0;0;28.52;26.88;0;0;0;0;0;0;0;2.17;0.88;0.51;0.23;0.13;0.25;0.00;0.00;0
19/07/2022 10:09:02;0;0;28.56;26.97;0;30;0.5;3;0.05;0;0;2.16;0.88;0.50;0.23;0.13;0.25;0.00;0.00;0
19/07/2022 10:10:02;0;0;28.60;27.05;0;0;0;0;0;0;0;2.16;0.88;0.50;0.23;0.13;0.24;0.00;0.00;0
19/07/2022 10:11:02;0;0;28.66;27.15;0;0;0;0;0;0;0;2.14;0.87;0.49;0.23;0.13;0.24;0.00;0.00;0
19/07/2022 10:12:02;0;0;28.74;27.24;0;71;1.18333;3;0.05;0;0;2.17;0.88;0.51;0.23;0.13;0.25;0.00;0.00;0
19/07/2022 10:13:02;0;0;28.84;27.34;0;21;0.35;1;0.0166667;0;0;2.21;0.89;0.53;0.23;0.12;0.25;0.00;0.00;0
19/07/2022 10:14:02;0;0;28.94;27.43;0;0;0;0;0;0;0;2.21;0.89;0.53;0.23;0.13;0.26;0.00;0.00;0
19/07/2022 10:15:02;0;0;29.03;27.53;0;0;0;0;0;0;0;2.18;0.89;0.52;0.23;0.12;0.25;0.00;0.00;0
19/07/2022 10:16:02;0;0;29.12;27.63;0;2976;49.6;179;2.98333;54;0.9;1.51;0.61;0.37;0.15;0.08;0.17;0.00;0.00;0
19/07/2022 10:17:02;0;0;29.15;27.72;0;5833;97.2167;402;6.7;114;1.9;0.99;0.40;0.25;0.09;0.05;0.10;0.00;0.00;0
19/07/2022 10:18:02;0;0;29.14;27.75;0;6152;102.533;428;7.13333;108;1.8;1.01;0.41;0.26;0.10;0.05;0.11;0.00;0.00;0
19/07/2022 10:19:02;0;0;29.08;27.75;0;6210;103.5;451;7.51667;119;1.98333;0.98;0.40;0.25;0.09;0.05;0.10;0.00;0.00;0
19/07/2022 10:20:02;0;0;29.01;27.69;0;5761;96.0167;424;7.06667;112;1.86667;1.01;0.41;0.26;0.10;0.05;0.11;0.00;0.00;0
19/07/2022 10:21:02;0;0;28.92;27.64;0;6353;105.883;441;7.35;133;2.21667;1.05;0.42;0.27;0.10;0.05;0.11;0.00;0.00;0
19/07/2022 10:22:02;0;0;28.83;27.57;0;5996;99.9333;430;7.16667;111;1.85;1.01;0.41;0.26;0.09;0.05;0.10;0.00;0.00;0
19/07/2022 10:23:02;0;0;28.73;27.50;0;5734;95.5667;416;6.93333;90;1.5;1.02;0.41;0.26;0.10;0.05;0.11;0.00;0.00;0
19/07/2022 10:24:02;0;0;28.64;27.41;0;6087;101.45;429;7.15;110;1.83333;1.00;0.41;0.26;0.10;0.05;0.10;0.00;0.00;0
19/07/2022 10:25:02;0;0;28.53;27.34;0;5893;98.2167;421;7.01667;102;1.7;1.02;0.41;0.26;0.09;0.05;0.10;0.00;0.00;0
19/07/2022 10:26:02;0;0;28.44;27.24;0;4946;82.4333;371;6.18333;85;1.41667;0.96;0.39;0.25;0.09;0.05;0.10;0.00;0.00;0
19/07/2022 10:27:02;0;0;28.35;27.17;0;1135;18.9167;77;1.28333;16;0.266667;0.84;0.34;0.20;0.09;0.05;0.10;0.00;0.00;0
19/07/2022 10:28:02;0;0;28.29;27.09;0;3503;58.3833;153;2.55;94;1.56667;0.81;0.33;0.20;0.09;0.05;0.10;0.00;0.00;0
19/07/2022 10:29:02;0;0;28.22;27.04;0;1156;19.2667;75;1.25;26;0.433333;0.82;0.33;0.20;0.09;0.05;0.10;0.00;0.00;0
19/07/2022 10:30:02;0;0;28.16;26.99;0;1107;18.45;66;1.1;20;0.333333;0.76;0.31;0.19;0.08;0.05;0.10;0.00;0.00;0
19/07/2022 10:31:02;0;0;28.09;26.92;0;2554;42.5667;121;2.01667;38;0.633333;0.89;0.36;0.22;0.09;0.05;0.10;0.00;0.00;0
19/07/2022 10:32:02;0;0;28.02;26.86;0;7924;132.067;407;6.78333;120;2;0.97;0.40;0.25;0.09;0.05;0.10;0.00;0.00;0
19/07/2022 10:33:02;0;0;27.92;26.77;0;8144;135.733;444;7.4;122;2.03333;1.01;0.41;0.26;0.10;0.05;0.10;0.00;0.00;0
19/07/2022 10:34:02;0;0;27.78;26.65;0;8303;138.383;429;7.15;170;2.83333;1.00;0.41;0.25;0.10;0.05;0.11;0.00;0.00;0
19/07/2022 10:35:02;0;0;27.65;26.53;0;8504;141.733;463;7.71667;144;2.4;0.97;0.40;0.25;0.09;0.05;0.10;0.00;0.00;0
19/07/2022 10:36:02;0;0;27.53;26.41;0;8575;142.917;436;7.26667;147;2.45;1.01;0.41;0.26;0.09;0.05;0.10;0.00;0.00;0
19/07/2022 10:37:02;0;0;27.41;26.29;0;9621;160.35;463;7.71667;183;3.05;0.98;0.40;0.25;0.09;0.05;0.10;0.00;0.00;0
19/07/2022 10:38:02;0;0;27.28;26.18;0;8980;149.667;487;8.11667;167;2.78333;0.94;0.38;0.24;0.09;0.05;0.10;0.00;0.00;0
19/07/2022 10:39:02;0;0;27.15;26.05;0;8897;148.283;450;7.5;212;3.53333;1.03;0.42;0.27;0.10;0.05;0.11;0.00;0.00;0
19/07/2022 10:40:02;0;0;27.02;25.94;0;9124;152.067;473;7.88333;200;3.33333;0.97;0.39;0.25;0.09;0.05;0.10;0.00;0.00;0
19/07/2022 10:41:02;0;0;26.89;25.84;0;8160;136;441;7.35;149;2.48333;1.00;0.41;0.26;0.09;0.05;0.10;0.00;0.00;0
19/07/2022 10:42:02;0;0;26.78;25.75;0;1659;27.65;119;1.98333;27;0.45;0.81;0.33;0.20;0.09;0.05;0.10;0.00;0.00;0
19/07/2022 10:43:02;0;0;26.71;25.69;0;909;15.15;53;0.883333;17;0.283333;0.81;0.33;0.19;0.09;0.05;0.10;0.00;0.00;0
19/07/2022 10:44:02;0;0;26.65;25.63;0;1880;31.3333;128;2.13333;47;0.783333;0.96;0.39;0.24;0.09;0.05;0.12;0.00;0.00;0
19/07/2022 10:45:02;0;0;26.60;25.62;0;656;10.9333;35;0.583333;14;0.233333;1.01;0.41;0.25;0.10;0.05;0.12;0.00;0.00;0
19/07/2022 10:46:02;0;0;26.56;25.57;0;3677;61.2833;125;2.08333;109;1.81667;1.00;0.41;0.25;0.10;0.05;0.12;0.00;0.00;0
19/07/2022 10:47:02;0;0;26.52;25.55;0;49530;825.5;595;9.91667;1746;29.1;1.19;0.48;0.29;0.14;0.08;0.15;0.00;0.00;0
19/07/2022 10:48:02;0;0;26.41;25.45;0;52655;877.583;614;10.2333;1800;30;1.15;0.47;0.28;0.13;0.08;0.15;0.00;0.00;0
19/07/2022 10:49:02;0;0;26.31;25.32;0;53466;891.1;635;10.5833;1831;30.5167;1.10;0.45;0.26;0.13;0.07;0.14;0.00;0.00;0
19/07/2022 10:50:02;0;0;26.22;25.20;0;55484;924.733;626;10.4333;1824;30.4;1.23;0.50;0.30;0.14;0.08;0.15;0.00;0.00;0
19/07/2022 10:51:02;0;0;26.21;25.09;0;54956;915.933;635;10.5833;1828;30.4667;1.24;0.50;0.30;0.14;0.08;0.16;0.00;0.00;0
19/07/2022 10:52:02;0;0;26.24;25.04;0;49223;820.383;631;10.5167;1747;29.1167;1.27;0.52;0.31;0.15;0.08;0.16;0.00;0.00;0
19/07/2022 10:53:02;0;0;26.26;25.00;0;51585;859.75;625;10.4167;1741;29.0167;1.43;0.58;0.34;0.17;0.09;0.17;0.00;0.00;0
19/07/2022 10:54:02;0;0;26.29;25.00;0;54438;907.3;648;10.8;1780;29.6667;1.43;0.58;0.34;0.17;0.09;0.17;0.00;0.00;0
19/07/2022 10:55:02;0;0;26.39;25.00;0;53298;888.3;620;10.3333;1766;29.4333;1.43;0.58;0.34;0.17;0.09;0.17;0.00;0.00;0
19/07/2022 10:56:02;0;0;26.56;25.05;0;52893;881.55;630;10.5;1747;29.1167;1.39;0.56;0.33;0.16;0.09;0.17;0.00;0.00;0
19/07/2022 10:57:02;0;0;26.69;25.12;0;5911;98.5167;233;3.88333;176;2.93333;1.10;0.45;0.26;0.12;0.07;0.13;0.00;0.00;0
19/07/2022 10:58:02;0;0;26.76;25.25;0;2591;43.1833;114;1.9;71;1.18333;1.01;0.41;0.24;0.12;0.07;0.12;0.00;0.00;0
19/07/2022 10:59:02;0;0;26.89;25.38;0;2997;49.95;157;2.61667;88;1.46667;1.15;0.47;0.27;0.13;0.07;0.13;0.00;0.00;0
19/07/2022 11:00:02;0;0;26.99;25.50;0;1961;32.6833;115;1.91667;35;0.583333;0.95;0.38;0.23;0.10;0.05;0.11;0.00;0.00;0
19/07/2022 11:01:02;0;0;27.04;25.59;0;1927;32.1167;117;1.95;60;1;0.69;0.28;0.17;0.08;0.04;0.09;0.00;0.00;0
19/07/2022 11:02:02;0;0;27.02;25.67;0;51293;854.883;605;10.0833;1571;26.1833;1.31;0.53;0.32;0.15;0.08;0.16;0.00;0.00;0
19/07/2022 11:03:02;0;0;26.95;25.63;0;59221;987.017;672;11.2;1841;30.6833;1.45;0.59;0.35;0.17;0.09;0.18;0.00;0.00;0
19/07/2022 11:04:02;0;0;27.01;25.61;0;63446;1057.43;678;11.3;1926;32.1;1.39;0.56;0.33;0.16;0.09;0.17;0.00;0.00;0
19/07/2022 11:05:02;0;0;27.09;25.61;0;65125;1085.42;669;11.15;1926;32.1;1.50;0.61;0.36;0.17;0.09;0.18;0.00;0.00;0
19/07/2022 11:06:02;0;0;27.18;25.66;0;64302;1071.7;685;11.4167;1929;32.15;1.40;0.57;0.34;0.16;0.09;0.17;0.00;0.00;0
19/07/2022 11:07:02;0;0;27.28;25.73;0;62725;1045.42;668;11.1333;1923;32.05;1.57;0.64;0.38;0.18;0.10;0.19;0.00;0.00;0
19/07/2022 11:08:02;0;0;27.38;25.81;0;62889;1048.15;670;11.1667;1944;32.4;1.51;0.61;0.36;0.18;0.10;0.18;0.00;0.00;0
19/07/2022 11:09:02;0;0;27.43;25.90;0;63068;1051.13;665;11.0833;1946;32.4333;1.51;0.61;0.37;0.18;0.10;0.18;0.00;0.00;0
19/07/2022 11:10:02;0;0;27.44;25.98;0;59049;984.15;716;11.9333;1843;30.7167;1.45;0.59;0.35;0.17;0.09;0.18;0.00;0.00;0
19/07/2022 11:11:02;0;0;27.44;26.03;0;63877;1064.62;712;11.8667;1918;31.9667;1.47;0.59;0.35;0.17;0.09;0.18;0.00;0.00;0
19/07/2022 11:12:02;0;0;27.42;26.05;0;16177;269.617;390;6.5;480;8;1.10;0.45;0.28;0.11;0.06;0.12;0.00;0.00;0
19/07/2022 11:13:02;0;0;27.43;26.07;0;3117;51.95;186;3.1;78;1.3;1.60;0.65;0.37;0.19;0.10;0.16;0.00;0.00;0
19/07/2022 11:14:02;0;0;27.50;26.12;0;3161;52.6833;161;2.68333;77;1.28333;2.06;0.83;0.47;0.24;0.13;0.22;0.00;0.00;0
19/07/2022 11:15:02;0;0;27.71;26.20;0;2767;46.1167;178;2.96667;68;1.13333;1.89;0.77;0.47;0.19;0.10;0.21;0.00;0.00;0
19/07/2022 11:16:02;0;0;27.93;26.32;0;3532;58.8667;182;3.03333;90;1.5;0.78;0.32;0.18;0.09;0.06;0.10;0.00;0.00;0
19/07/2022 11:17:02;0;0;28.05;26.43;0;6148;102.467;248;4.13333;104;1.73333;0.59;0.24;0.15;0.06;0.04;0.08;0.00;0.00;0
19/07/2022 11:18:02;0;0;28.15;26.46;0;2537;42.2833;127;2.11667;49;0.816667;1.86;0.75;0.42;0.22;0.12;0.19;0.00;0.00;0
19/07/2022 11:19:02;0;0;26.83;26.40;0;1567;26.1167;85;1.41667;60;1;1.18;0.48;0.19;0.21;0.13;0.11;0.00;0.00;0