+-------------+ Condor Instruments Report +-------------+
SOFTWARE_VERSION : 1.0.23
LOG_FILE_VERSION : 1.0.2
SUBJECT_NAME : Piloto ActTrust
SUBJECT_GENDER : Other
SUBJECT_DATE_OF_BIRTH : 01/01/2000
SUBJECT_DESCRIPTION : Teste Piloto Acttrust
DEVICE_ID : 3020
DEVICE_MODEL : ActTrust1
HARDWARE_VERSION : 3.5
FIRMWARE_VERSION : 3.8
MEMORY_SIZE : 7987712
LOG_SIZE : 889443
MEMORY_USAGE : 11.14 %
BATTERY_VOLTAGE : 4.21875
ERROR_FLAG : 0
ERROR_CODE : 0
POWER_DOWN_FLAG : 0
TAT_THRESHOLD : 1024
ORIENTATION : 0
MODE : PIM/TAT/ZCM
INTERVAL : 1
DATA_CORRECTION : 0
DATA_CORRECTION_DESCRIPTION : Nenhum
FILE_DATE_TIME : 04/07/2022 16:46:18
CONNECTION_SYSTEM_DATE_TIME : 04/07/2022 16:45:12
CONNECTION_DEVICE_DATE_TIME : 04/07/2022 16:39:49
+-------------------------------------------------------+
DATE/TIME;MS;EVENT;TEMPERATURE;EXT TEMPERATURE;ORIENTATION;PIM;PIMn;TAT;TATn;ZCM;ZCMn;LIGHT;AMB LIGHT;RED LIGHT;GREEN LIGHT;BLUE LIGHT;IR LIGHT;UVA LIGHT;UVB LIGHT;STATE
04/07/2022 15:00:55;0;0;28.58;26.61;0;726;12.1;88;1.46667;8;0.133333;2.15;0.87;0.52;0.21;0.11;0.24;0.00;0.00;0
04/07/2022 15:01:55;0;0;28.61;26.69;0;1162;19.3667;122;2.03333;10;0.166667;1.98;0.80;0.48;0.20;0.10;0.23;0.00;0.00;0
04/07/2022 15:02:55;0;0;28.60;26.75;0;89;1.48333;2;0.0333333;0;0;2.17;0.88;0.53;0.22;0.11;0.25;0.00;0.00;0
04/07/2022 15:03:55;0;0;28.59;26.75;0;7;0.116667;0;0;0;0;2.14;0.87;0.52;0.21;0.11;0.24;0.00;0.00;0
04/07/2022 15:04:55;0;0;28.56;26.75;0;109;1.81667;9;0.15;2;0.0333333;2.06;0.83;0.49;0.20;0.10;0.23;0.00;0.00;0
04/07/2022 15:05:55;0;0;28.51;26.75;0;25;0.416667;1;0.0166667;0;0;1.94;0.79;0.47;0.19;0.10;0.22;0.00;0.00;0
04/07/2022 15:06:55;0;0;28.47;26.73;0;42;0.7;1;0.0166667;0;0;1.95;0.79;0.47;0.20;0.10;0.22;0.00;0.00;0
04/07/2022 15:07:55;0;0;28.42;26.69;0;0;0;0;0;0;0;1.90;0.77;0.47;0.19;0.10;0.22;0.00;0.00;0
04/07/2022 15:08:55;0;0;28.36;26.66;0;4;0.0666667;0;0;0;0;1.87;0.76;0.47;0.19;0.10;0.22;0.00;0.00;0
04/07/2022 15:09:55;0;0;28.31;26.62;0;16;0.266667;0;0;0;0;1.81;0.73;0.46;0.18;0.10;0.21;0.00;0.00;0
04/07/2022 15:10:55;0;0;28.25;26.58;0;7;0.116667;1;0.0166667;0;0;1.82;0.74;0.46;0.19;0.10;0.21;0.00;0.00;0
04/07/2022 15:11:55;0;0;28.21;26.56;0;245;4.08333;15;0.25;3;0.05;1.87;0.76;0.47;0.19;0.10;0.22;0.00;0.00;0
04/07/2022 15:12:55;0;0;28.15;26.54;0;3878;64.6333;340;5.66667;34;0.566667;0.93;0.38;0.23;0.09;0.06;0.11;0.00;0.00;0
04/07/2022 15:13:55;0;0;28.08;26.50;0;3906;65.1;347;5.78333;12;0.2;0.82;0.33;0.21;0.08;0.05;0.10;0.00;0.00;0
04/07/2022 15:14:55;0;0;27.98;26.42;0;4251;70.85;371;6.18333;26;0.433333;0.82;0.33;0.21;0.08;0.05;0.10;0.00;0.00;0
04/07/2022 15:15:55;0;0;27.91;26.37;0;3967;66.1167;345;5.75;9;0.15;0.82;0.33;0.21;0.08;0.05;0.10;0.00;0.00;0
04/07/2022 15:16:55;0;0;27.83;26.31;0;3986;66.4333;335;5.58333;15;0.25;0.81;0.33;0.21;0.08;0.05;0.10;0.00;0.00;0
04/07/2022 15:17:55;0;0;27.76;26.25;0;4353;72.55;341;5.68333;23;0.383333;0.87;0.35;0.22;0.09;0.05;0.11;0.00;0.00;0
04/07/2022 15:18:55;0;0;27.67;26.21;0;4073;67.8833;334;5.56667;13;0.216667;0.84;0.34;0.21;0.09;0.05;0.10;0.00;0.00;0
04/07/2022 15:19:55;0;0;27.59;26.16;0;4193;69.8833;350;5.83333;18;0.3;0.83;0.33;0.21;0.09;0.05;0.10;0.00;0.00;0
04/07/2022 15:20:55;0;0;27.50;26.10;0;4173;69.55;320;5.33333;16;0.266667;0.82;0.33;0.21;0.08;0.05;0.10;0.00;0.00;0
04/07/2022 15:21:55;0;0;27.40;26.04;0;4455;74.25;316;5.26667;32;0.533333;0.88;0.36;0.22;0.09;0.05;0.11;0.00;0.00;0
04/07/2022 15:22:55;0;0;27.32;25.99;0;2665;44.4167;217;3.61667;14;0.233333;0.86;0.35;0.22;0.09;0.05;0.10;0.00;0.00;0
04/07/2022 15:23:55;0;0;27.28;25.97;0;320;5.33333;24;0.4;2;0.0333333;1.04;0.42;0.26;0.10;0.05;0.11;0.00;0.00;0
04/07/2022 15:24:55;0;0;27.29;26.03;0;1790;29.8333;144;2.4;33;0.55;0.98;0.40;0.24;0.10;0.06;0.12;0.00;0.00;0
04/07/2022 15:25:55;0;0;27.31;26.09;0;272;4.53333;19;0.316667;5;0.0833333;0.80;0.33;0.20;0.08;0.05;0.10;0.00;0.00;0
04/07/2022 15:26:55;0;0;27.34;26.17;0;113;1.88333;9;0.15;0;0;0.30;0.12;0.08;0.03;0.02;0.05;0.00;0.00;0
04/07/2022 15:27:55;0;0;27.40;26.25;0;2036;33.9333;138;2.3;17;0.283333;0.90;0.36;0.23;0.09;0.05;0.11;0.00;0.00;0
04/07/2022 15:28:55;0;0;27.34;26.25;0;6103;101.717;435;7.25;79;1.31667;0.83;0.33;0.21;0.08;0.05;0.10;0.00;0.00;0
04/07/2022 15:29:55;0;0;27.19;26.13;0;6149;102.483;440;7.33333;92;1.53333;0.88;0.36;0.22;0.09;0.05;0.11;0.00;0.00;0
04/07/2022 15:30:55;0;0;27.00;25.97;0;6142;102.367;443;7.38333;89;1.48333;0.87;0.35;0.22;0.09;0.05;0.11;0.00;0.00;0
04/07/2022 15:31:55;0;0;26.82;25.79;0;6172;102.867;419;6.98333;93;1.55;0.83;0.34;0.21;0.08;0.05;0.10;0.00;0.00;0
04/07/2022 15:32:55;0;0;26.65;25.63;0;6099;101.65;440;7.33333;93;1.55;0.83;0.34;0.21;0.08;0.05;0.10;0.00;0.00;0
04/07/2022 15:33:55;0;0;26.48;25.47;0;6488;108.133;426;7.1;93;1.55;0.83;0.34;0.21;0.08;0.05;0.10;0.00;0.00;0
04/07/2022 15:34:55;0;0;26.30;25.32;0;7299;121.65;446;7.43333;145;2.41667;0.86;0.35;0.21;0.09;0.05;0.10;0.00;0.00;0
04/07/2022 15:35:55;0;0;26.15;25.20;0;6886;114.767;441;7.35;132;2.2;0.85;0.34;0.21;0.09;0.05;0.11;0.00;0.00;0
04/07/2022 15:36:55;0;0;26.00;25.08;0;6788;113.133;475;7.91667;117;1.95;0.75;0.31;0.19;0.07;0.05;0.09;0.00;0.00;0
04/07/2022 15:37:55;0;0;25.84;24.96;0;6488;108.133;452;7.53333;103;1.71667;0.82;0.33;0.20;0.08;0.05;0.10;0.00;0.00;0
04/07/2022 15:38:55;0;0;25.76;24.88;0;1135;18.9167;85;1.41667;16;0.266667;0.85;0.34;0.22;0.08;0.04;0.09;0.00;0.00;0
04/07/2022 15:39:55;0;0;25.76;24.88;0;1258;20.9667;91;1.51667;15;0.25;0.94;0.38;0.24;0.10;0.05;0.12;0.00;0.00;0
04/07/2022 15:40:55;0;0;25.82;24.92;0;340;5.66667;24;0.4;6;0.1;0.44;0.18;0.11;0.04;0.03;0.06;0.00;0.00;0
04/07/2022 15:41:55;0;0;25.89;25.02;0;1066;17.7667;55;0.916667;26;0.433333;1.00;0.41;0.26;0.10;0.06;0.13;0.00;0.00;0
04/07/2022 15:42:55;0;0;25.93;25.06;0;9624;160.4;218;3.63333;312;5.2;1.02;0.41;0.26;0.10;0.06;0.12;0.00;0.00;0
04/07/2022 15:43:55;0;0;25.91;25.06;0;43450;724.167;615;10.25;1562;26.0333;1.20;0.48;0.30;0.12;0.07;0.16;0.00;0.00;0
04/07/2022 15:44:55;0;0;25.86;25.02;0;44416;740.267;598;9.96667;1577;26.2833;1.17;0.47;0.29;0.12;0.07;0.16;0.00;0.00;0
04/07/2022 15:45:55;0;0;25.79;24.98;0;44894;748.233;594;9.9;1606;26.7667;1.15;0.46;0.29;0.12;0.07;0.16;0.00;0.00;0
04/07/2022 15:46:55;0;0;25.72;24.91;0;45905;765.083;599;9.98333;1635;27.25;1.05;0.42;0.27;0.11;0.06;0.14;0.00;0.00;0
04/07/2022 15:47:55;0;0;25.65;24.87;0;47513;791.883;616;10.2667;1646;27.4333;1.01;0.41;0.26;0.10;0.06;0.14;0.00;0.00;0
04/07/2022 15:48:55;0;0;25.56;24.79;0;45552;759.2;624;10.4;1582;26.3667;1.06;0.43;0.27;0.11;0.06;0.14;0.00;0.00;0
04/07/2022 15:49:55;0;0;25.45;24.72;0;47885;798.083;661;11.0167;1577;26.2833;1.15;0.47;0.29;0.12;0.07;0.15;0.00;0.00;0
04/07/2022 15:50:55;0;0;25.33;24.63;0;48765;812.75;664;11.0667;1643;27.3833;1.07;0.43;0.27;0.11;0.07;0.14;0.00;0.00;0
04/07/2022 15:51:55;0;0;25.27;24.56;0;40863;681.05;658;10.9667;1474;24.5667;1.24;0.50;0.29;0.14;0.08;0.15;0.00;0.00;0
04/07/2022 15:52:55;0;0;25.26;24.50;0;30591;509.85;681;11.35;1126;18.7667;1.12;0.45;0.26;0.13;0.07;0.13;0.00;0.00;0
04/07/2022 15:53:55;0;0;25.29;24.50;0;6221;103.683;516;8.6;144;2.4;1.35;0.55;0.32;0.16;0.08;0.14;0.00;0.00;0
04/07/2022 15:54:55;0;0;25.41;24.52;0;5580;93;464;7.73333;121;2.01667;1.35;0.55;0.31;0.17;0.09;0.14;0.00;0.00;0
04/07/2022 15:55:55;0;0;25.56;24.59;0;3483;58.05;274;4.56667;67;1.11667;1.07;0.44;0.26;0.12;0.07;0.12;0.00;0.00;0
04/07/2022 15:56:55;0;0;25.72;24.73;0;2033;33.8833;161;2.68333;31;0.516667;1.05;0.43;0.26;0.11;0.06;0.12;0.00;0.00;0
04/07/2022 15:57:55;0;0;25.88;24.87;0;8137;135.617;266;4.43333;256;4.26667;1.11;0.45;0.28;0.11;0.06;0.12;0.00;0.00;0
04/07/2022 15:58:55;0;0;25.87;24.94;0;53784;896.4;721;12.0167;1670;27.8333;1.30;0.53;0.33;0.13;0.08;0.17;0.00;0.00;0
04/07/2022 15:59:55;0;0;25.65;24.88;0;53277;887.95;651;10.85;1688;28.1333;1.10;0.45;0.28;0.11;0.07;0.15;0.00;0.00;0
04/07/2022 16:00:55;0;0;25.47;24.78;0;54375;906.25;659;10.9833;1699;28.3167;1.10;0.45;0.28;0.11;0.06;0.15;0.00;0.00;0
04/07/2022 16:01:55;0;0;25.29;24.66;0;57019;950.317;682;11.3667;1679;27.9833;1.11;0.45;0.28;0.11;0.07;0.15;0.00;0.00;0
04/07/2022 16:02:55;0;0;25.14;24.52;0;58816;980.267;698;11.6333;1697;28.2833;1.13;0.46;0.29;0.11;0.07;0.15;0.00;0.00;0
04/07/2022 16:03:55;0;0;25.05;24.39;0;43945;732.417;575;9.58333;1256;20.9333;1.12;0.46;0.29;0.11;0.06;0.14;0.00;0.00;0
04/07/2022 16:04:55;0;0;25.05;24.29;0;57250;954.167;728;12.1333;1597;26.6167;1.31;0.53;0.33;0.14;0.08;0.17;0.00;0.00;0
04/07/2022 16:05:55;0;0;25.02;24.22;0;60809;1013.48;743;12.3833;1723;28.7167;1.19;0.48;0.30;0.12;0.07;0.16;0.00;0.00;0
04/07/2022 16:06:55;0;0;25.02;24.19;0;63448;1057.47;725;12.0833;1707;28.45;1.19;0.48;0.30;0.12;0.07;0.15;0.00;0.00;0
04/07/2022 16:07:55;0;0;25.04;24.19;0;58643;977.383;739;12.3167;1656;27.6;1.27;0.51;0.32;0.13;0.07;0.16;0.00;0.00;0
04/07/2022 16:08:55;0;0;25.09;24.19;0;60359;1005.98;728;12.1333;1715;28.5833;1.11;0.45;0.28;0.12;0.06;0.14;0.00;0.00;0
04/07/2022 16:09:55;0;0;25.23;24.23;0;12095;201.583;332;5.53333;345;5.75;1.15;0.46;0.28;0.12;0.07;0.13;0.00;0.00;0
04/07/2022 16:10:55;0;0;25.53;24.31;0;560;9.33333;40;0.666667;2;0.0333333;1.70;0.69;0.41;0.19;0.10;0.18;0.00;0.00;0
04/07/2022 16:11:55;0;0;25.82;24.43;0;138;2.3;7;0.116667;0;0;1.85;0.75;0.45;0.21;0.11;0.21;0.00;0.00;0
04/07/2022 16:12:55;0;0;26.06;24.58;0;1568;26.1333;83;1.38333;30;0.5;1.81;0.73;0.43;0.21;0.11;0.20;0.00;0.00;0
04/07/2022 16:13:55;0;0;26.37;24.78;0;210;3.5;14;0.233333;0;0;1.99;0.81;0.45;0.24;0.13;0.20;0.00;0.00;0