+-------------+ Condor Instruments Report +-------------+
SOFTWARE_VERSION : 1.0.23
LOG_FILE_VERSION : 1.0.2
SUBJECT_NAME : Piloto ActTrust
SUBJECT_GENDER : Other
SUBJECT_DATE_OF_BIRTH : 01/01/2000
SUBJECT_DESCRIPTION : Teste piloto ActTrust
DEVICE_ID : 3052
DEVICE_MODEL : ActTrust1
HARDWARE_VERSION : 3.5
FIRMWARE_VERSION : 3.8
MEMORY_SIZE : 7987712
LOG_SIZE : 3090943
MEMORY_USAGE : 38.70 %
BATTERY_VOLTAGE : 4.23828
ERROR_FLAG : 0
ERROR_CODE : 0
POWER_DOWN_FLAG : 0
TAT_THRESHOLD : 1024
ORIENTATION : 0
MODE : PIM/TAT/ZCM
INTERVAL : 1
DATA_CORRECTION : 0
DATA_CORRECTION_DESCRIPTION : Nenhum
FILE_DATE_TIME : 26/07/2022 21:47:42
CONNECTION_SYSTEM_DATE_TIME : 26/07/2022 21:45:06
CONNECTION_DEVICE_DATE_TIME : 26/07/2022 21:45:07
+-------------------------------------------------------+
DATE/TIME;MS;EVENT;TEMPERATURE;EXT TEMPERATURE;ORIENTATION;PIM;PIMn;TAT;TATn;ZCM;ZCMn;LIGHT;AMB LIGHT;RED LIGHT;GREEN LIGHT;BLUE LIGHT;IR LIGHT;UVA LIGHT;UVB LIGHT;STATE
26/07/2022 13:30:47;0;0;21.85;21.97;0;3461;57.6833;274;4.56667;97;1.61667;0.53;0.22;0.12;0.07;0.03;0.06;0.00;0.00;0
26/07/2022 13:31:47;0;0;22.09;22.04;0;2118;35.3;127;2.11667;61;1.01667;1.11;0.45;0.25;0.13;0.07;0.12;0.00;0.00;0
26/07/2022 13:32:47;0;0;22.00;22.06;0;23;0.383333;4;0.0666667;0;0;0.98;0.40;0.24;0.10;0.05;0.12;0.00;0.00;0
26/07/2022 13:33:47;0;0;22.02;22.06;0;958;15.9667;46;0.766667;33;0.55;0.23;0.10;0.06;0.03;0.02;0.04;0.00;0.00;0
26/07/2022 13:34:47;0;0;23.55;22.21;0;1241;20.6833;97;1.61667;12;0.2;0.66;0.27;0.16;0.07;0.04;0.08;0.00;0.00;0
26/07/2022 13:35:47;0;0;25.58;22.98;0;2041;34.0167;156;2.6;44;0.733333;0.54;0.22;0.13;0.06;0.04;0.09;0.00;0.00;0
26/07/2022 13:36:47;0;0;26.47;23.95;0;12316;205.267;800;13.3333;453;7.55;0.47;0.19;0.13;0.20;0.29;0.56;0.00;0.00;0
26/07/2022 13:37:47;0;0;27.18;24.85;0;10539;175.65;655;10.9167;419;6.98333;0.19;0.08;0.05;0.08;0.12;0.23;0.00;0.00;0
26/07/2022 13:38:47;0;0;27.76;25.66;0;5770;96.1667;397;6.61667;189;3.15;0.33;0.13;0.09;0.11;0.15;0.28;0.00;0.00;0
26/07/2022 13:39:47;0;0;28.28;26.33;0;533;8.88333;38;0.633333;0;0;0.00;0.00;0.00;0.01;0.01;0.00;0.00;0.00;0
26/07/2022 13:40:47;0;0;28.76;26.94;0;0;0;0;0;0;0;0.00;0.00;0.00;0.01;0.01;0.00;0.00;0.00;0
26/07/2022 13:41:47;0;0;29.18;27.49;0;12;0.2;0;0;0;0;0.00;0.00;0.00;0.00;0.01;0.00;0.00;0.00;0
26/07/2022 13:42:47;0;0;29.54;27.98;0;0;0;0;0;0;0;0.00;0.00;0.00;0.01;0.01;0.00;0.00;0.00;0
26/07/2022 13:43:47;0;0;29.87;28.42;0;0;0;0;0;0;0;0.00;0.00;0.00;0.00;0.01;0.00;0.00;0.00;0
26/07/2022 13:44:47;0;0;30.16;28.82;0;0;0;0;0;0;0;0.00;0.00;0.00;0.00;0.01;0.00;0.00;0.00;0
26/07/2022 13:45:47;0;0;30.43;29.19;0;0;0;0;0;0;0;0.00;0.00;0.00;0.00;0.01;0.00;0.00;0.00;0
26/07/2022 13:46:47;0;0;30.68;29.52;0;0;0;0;0;0;0;0.00;0.00;0.00;0.00;0.01;0.00;0.00;0.00;0
26/07/2022 13:47:47;0;0;30.91;29.83;0;0;0;0;0;0;0;0.00;0.00;0.00;0.00;0.01;0.00;0.00;0.00;0
26/07/2022 13:48:47;0;0;31.12;30.11;0;0;0;0;0;0;0;0.00;0.00;0.00;0.00;0.01;0.00;0.00;0.00;0
26/07/2022 13:49:47;0;0;31.32;30.38;0;4;0.0666667;0;0;0;0;0.00;0.00;0.00;0.00;0.01;0.00;0.00;0.00;0
26/07/2022 13:50:47;0;0;31.51;30.63;0;0;0;0;0;0;0;0.00;0.00;0.00;0.00;0.01;0.00;0.00;0.00;0
26/07/2022 13:51:47;0;0;31.69;30.86;0;0;0;0;0;0;0;0.00;0.00;0.00;0.00;0.01;0.00;0.00;0.00;0
26/07/2022 13:52:47;0;0;31.85;31.08;0;4;0.0666667;0;0;0;0;0.01;0.00;0.00;0.00;0.01;0.00;0.00;0.00;0
26/07/2022 13:53:47;0;0;32.00;31.28;0;1260;21;99;1.65;18;0.3;0.26;0.10;0.06;0.03;0.02;0.03;0.00;0.00;0
26/07/2022 13:54:47;0;0;32.08;31.45;0;9432;157.2;721;12.0167;316;5.26667;0.29;0.12;0.07;0.03;0.02;0.04;0.00;0.00;0
26/07/2022 13:55:47;0;0;32.10;31.53;0;10119;168.65;768;12.8;363;6.05;0.28;0.11;0.07;0.03;0.02;0.04;0.00;0.00;0
26/07/2022 13:56:47;0;0;32.11;31.56;0;9621;160.35;747;12.45;296;4.93333;0.27;0.11;0.07;0.03;0.02;0.03;0.00;0.00;0
26/07/2022 13:57:47;0;0;32.12;31.56;0;9315;155.25;719;11.9833;285;4.75;0.26;0.10;0.07;0.03;0.02;0.03;0.00;0.00;0
26/07/2022 13:58:47;0;0;32.12;31.56;0;9461;157.683;716;11.9333;317;5.28333;0.27;0.11;0.07;0.03;0.02;0.04;0.00;0.00;0
26/07/2022 13:59:47;0;0;32.11;31.56;0;9285;154.75;715;11.9167;300;5;0.28;0.11;0.07;0.03;0.02;0.04;0.00;0.00;0
26/07/2022 14:00:47;0;0;32.09;31.54;0;9625;160.417;758;12.6333;301;5.01667;0.27;0.11;0.07;0.03;0.02;0.04;0.00;0.00;0
26/07/2022 14:01:47;0;0;32.06;31.50;0;10226;170.433;779;12.9833;331;5.51667;0.27;0.11;0.07;0.03;0.02;0.04;0.00;0.00;0
26/07/2022 14:02:47;0;0;32.02;31.46;0;10055;167.583;789;13.15;334;5.56667;0.27;0.11;0.07;0.03;0.02;0.04;0.00;0.00;0
26/07/2022 14:03:47;0;0;31.98;31.40;0;10144;169.067;783;13.05;334;5.56667;0.27;0.11;0.07;0.03;0.02;0.03;0.00;0.00;0
26/07/2022 14:04:47;0;0;31.94;31.36;0;1320;22;111;1.85;33;0.55;0.23;0.09;0.06;0.03;0.02;0.03;0.00;0.00;0
26/07/2022 14:05:47;0;0;31.90;31.29;0;3;0.05;0;0;0;0;0.21;0.08;0.05;0.02;0.02;0.03;0.00;0.00;0
26/07/2022 14:06:47;0;0;31.84;31.24;0;0;0;0;0;0;0;0.26;0.11;0.06;0.03;0.02;0.03;0.00;0.00;0
26/07/2022 14:07:47;0;0;31.79;31.18;0;43;0.716667;4;0.0666667;0;0;0.29;0.12;0.07;0.03;0.02;0.04;0.00;0.00;0
26/07/2022 14:08:47;0;0;31.74;31.12;0;27;0.45;0;0;0;0;0.32;0.13;0.08;0.03;0.02;0.04;0.00;0.00;0
26/07/2022 14:09:47;0;0;31.71;31.06;0;12989;216.483;796;13.2667;496;8.26667;0.23;0.09;0.06;0.03;0.02;0.03;0.00;0.00;0
26/07/2022 14:10:47;0;0;31.65;31.00;0;14653;244.217;862;14.3667;573;9.55;0.20;0.08;0.05;0.02;0.02;0.03;0.00;0.00;0
26/07/2022 14:11:47;0;0;31.59;30.93;0;14401;240.017;810;13.5;566;9.43333;0.21;0.09;0.05;0.02;0.01;0.03;0.00;0.00;0
26/07/2022 14:12:47;0;0;31.55;30.87;0;14494;241.567;849;14.15;573;9.55;0.21;0.08;0.05;0.02;0.02;0.03;0.00;0.00;0
26/07/2022 14:13:47;0;0;31.52;30.80;0;14936;248.933;869;14.4833;594;9.9;0.22;0.09;0.05;0.02;0.02;0.03;0.00;0.00;0
26/07/2022 14:14:47;0;0;31.48;30.75;0;14694;244.9;848;14.1333;589;9.81667;0.22;0.09;0.05;0.02;0.02;0.03;0.00;0.00;0
26/07/2022 14:15:47;0;0;31.44;30.70;0;14680;244.667;836;13.9333;590;9.83333;0.23;0.09;0.06;0.02;0.02;0.03;0.00;0.00;0
26/07/2022 14:16:47;0;0;31.40;30.64;0;15062;251.033;848;14.1333;613;10.2167;0.22;0.09;0.06;0.02;0.01;0.03;0.00;0.00;0
26/07/2022 14:17:47;0;0;31.35;30.59;0;14991;249.85;854;14.2333;629;10.4833;0.22;0.09;0.05;0.02;0.02;0.03;0.00;0.00;0
26/07/2022 14:18:47;0;0;31.31;30.55;0;15024;250.4;839;13.9833;624;10.4;0.23;0.09;0.06;0.02;0.02;0.03;0.00;0.00;0
26/07/2022 14:19:47;0;0;31.28;30.50;0;4818;80.3;290;4.83333;188;3.13333;0.25;0.10;0.06;0.03;0.02;0.03;0.00;0.00;0
26/07/2022 14:20:47;0;0;31.25;30.49;0;0;0;0;0;0;0;0.25;0.10;0.06;0.03;0.02;0.03;0.00;0.00;0
26/07/2022 14:21:47;0;0;31.22;30.45;0;0;0;0;0;0;0;0.26;0.11;0.07;0.03;0.02;0.03;0.00;0.00;0
26/07/2022 14:22:47;0;0;31.18;30.43;0;0;0;0;0;0;0;0.28;0.11;0.07;0.03;0.02;0.03;0.00;0.00;0
26/07/2022 14:23:47;0;0;31.15;30.39;0;19;0.316667;3;0.05;0;0;0.26;0.11;0.07;0.03;0.02;0.03;0.00;0.00;0
26/07/2022 14:24:47;0;0;31.03;30.38;0;28490;474.833;800;13.3333;1128;18.8;0.23;0.09;0.06;0.02;0.02;0.03;0.00;0.00;0
26/07/2022 14:25:47;0;0;30.75;30.28;0;38987;649.783;1024;17.0667;1595;26.5833;0.22;0.09;0.05;0.02;0.02;0.03;0.00;0.00;0
26/07/2022 14:26:47;0;0;30.63;30.18;0;39084;651.4;1002;16.7;1562;26.0333;0.24;0.10;0.06;0.02;0.02;0.03;0.00;0.00;0
26/07/2022 14:27:47;0;0;30.58;30.07;0;38024;633.733;1057;17.6167;1567;26.1167;0.24;0.10;0.06;0.02;0.02;0.03;0.00;0.00;0
26/07/2022 14:28:47;0;0;30.54;30.00;0;38025;633.75;1052;17.5333;1574;26.2333;0.25;0.10;0.06;0.03;0.02;0.03;0.00;0.00;0
26/07/2022 14:29:47;0;0;30.53;29.95;0;37800;630;1047;17.45;1550;25.8333;0.26;0.10;0.06;0.03;0.02;0.03;0.00;0.00;0
26/07/2022 14:30:47;0;0;30.54;29.92;0;38933;648.883;1061;17.6833;1552;25.8667;0.26;0.11;0.06;0.03;0.02;0.03;0.00;0.00;0
26/07/2022 14:31:47;0;0;30.56;29.89;0;38934;648.9;1059;17.65;1579;26.3167;0.26;0.11;0.07;0.03;0.02;0.03;0.00;0.00;0
26/07/2022 14:32:47;0;0;30.58;29.88;0;39206;653.433;1079;17.9833;1574;26.2333;0.26;0.11;0.07;0.03;0.02;0.03;0.00;0.00;0
26/07/2022 14:33:47;0;0;30.59;29.88;0;38658;644.3;1066;17.7667;1571;26.1833;0.26;0.11;0.06;0.03;0.02;0.03;0.00;0.00;0
26/07/2022 14:34:47;0;0;30.59;29.88;0;17886;298.1;566;9.43333;743;12.3833;0.28;0.11;0.07;0.03;0.02;0.03;0.00;0.00;0
26/07/2022 14:35:47;0;0;30.63;29.91;0;92;1.53333;4;0.0666667;0;0;0.29;0.12;0.07;0.03;0.02;0.03;0.00;0.00;0
26/07/2022 14:36:47;0;0;30.69;29.98;0;4;0.0666667;0;0;0;0;0.25;0.10;0.06;0.03;0.02;0.03;0.00;0.00;0
26/07/2022 14:37:47;0;0;30.71;30.04;0;0;0;0;0;0;0;0.26;0.11;0.07;0.03;0.02;0.03;0.00;0.00;0
26/07/2022 14:38:47;0;0;30.70;30.06;0;0;0;0;0;0;0;0.26;0.11;0.07;0.03;0.02;0.03;0.00;0.00;0
26/07/2022 14:39:47;0;0;30.68;30.10;0;29745;495.75;676;11.2667;1095;18.25;0.25;0.10;0.06;0.03;0.02;0.03;0.00;0.00;0
26/07/2022 14:40:47;0;0;30.55;30.04;0;47254;787.567;987;16.45;1711;28.5167;0.27;0.11;0.07;0.03;0.02;0.03;0.00;0.00;0
26/07/2022 14:41:47;0;0;30.50;29.96;0;45485;758.083;1048;17.4667;1690;28.1667;0.27;0.11;0.06;0.03;0.02;0.03;0.00;0.00;0
26/07/2022 14:42:47;0;0;30.46;29.88;0;45352;755.867;1072;17.8667;1710;28.5;0.26;0.11;0.06;0.03;0.02;0.03;0.00;0.00;0
26/07/2022 14:43:47;0;0;30.41;29.81;0;45091;751.517;1076;17.9333;1705;28.4167;0.26;0.10;0.06;0.03;0.02;0.03;0.00;0.00;0
26/07/2022 14:44:47;0;0;30.34;29.74;0;45542;759.033;1083;18.05;1733;28.8833;0.27;0.11;0.07;0.03;0.02;0.03;0.00;0.00;0
26/07/2022 14:45:47;0;0;30.30;29.68;0;45491;758.183;1108;18.4667;1760;29.3333;0.27;0.11;0.07;0.03;0.02;0.03;0.00;0.00;0
26/07/2022 14:46:47;0;0;30.28;29.62;0;45119;751.983;1068;17.8;1735;28.9167;0.27;0.11;0.07;0.03;0.02;0.03;0.00;0.00;0
26/07/2022 14:47:47;0;0;30.26;29.56;0;45031;750.517;1092;18.2;1700;28.3333;0.27;0.11;0.07;0.03;0.02;0.03;0.00;0.00;0
26/07/2022 14:48:47;0;0;30.24;29.53;0;45063;751.05;1065;17.75;1732;28.8667;0.28;0.11;0.07;0.03;0.02;0.03;0.00;0.00;0
26/07/2022 14:49:47;0;0;30.20;29.49;0;25023;417.05;754;12.5667;964;16.0667;0.22;0.09;0.05;0.02;0.02;0.03;0.00;0.00;0
26/07/2022 14:50:47;0;0;30.26;29.47;0;31;0.516667;0;0;0;0;0.00;0.00;0.00;0.00;0.01;0.00;0.00;0.00;0
26/07/2022 14:51:47;0;0;30.50;29.54;0;0;0;0;0;0;0;0.00;0.00;0.00;0.00;0.01;0.00;0.00;0.00;0
26/07/2022 14:52:47;0;0;30.79;29.72;0;0;0;0;0;0;0;0.00;0.00;0.00;0.00;0.01;0.00;0.00;0.00;0
26/07/2022 14:53:47;0;0;31.06;29.97;0;9;0.15;0;0;0;0;0.00;0.00;0.00;0.00;0.01;0.00;0.00;0.00;0
26/07/2022 14:54:47;0;0;31.28;30.25;0;3011;50.1833;240;4;11;0.183333;0.23;0.09;0.06;0.02;0.02;0.03;0.00;0.00;0
26/07/2022 14:55:47;0;0;31.47;30.48;0;1639;27.3167;127;2.11667;9;0.15;0.08;0.03;0.02;0.01;0.01;0.01;0.00;0.00;0
26/07/2022 14:56:47;0;0;31.31;30.69;0;2505;41.75;145;2.41667;75;1.25;0.76;0.31;0.18;0.09;0.05;0.08;0.00;0.00;0
26/07/2022 14:57:47;0;0;29.69;30.46;0;0;0;0;0;0;0;1.58;0.64;0.42;0.16;0.07;0.16;0.00;0.00;0
26/07/2022 14:58:47;0;0;28.89;29.83;0;26;0.433333;4;0.0666667;0;0;1.54;0.62;0.41;0.15;0.07;0.15;0.00;0.00;0
26/07/2022 14:59:47;0;0;28.30;29.19;0;63;1.05;6;0.1;1;0.0166667;1.45;0.59;0.38;0.14;0.06;0.14;0.00;0.00;0