+-------------+ Condor Instruments Report +-------------+
SOFTWARE_VERSION : 1.0.23
LOG_FILE_VERSION : 1.0.2
SUBJECT_NAME : Piloto ActTrust
SUBJECT_GENDER : Other
SUBJECT_DATE_OF_BIRTH : 01/01/2000
SUBJECT_DESCRIPTION : Teste Piloto Acttrust
DEVICE_ID : 3020
DEVICE_MODEL : ActTrust1
HARDWARE_VERSION : 3.5
FIRMWARE_VERSION : 3.8
MEMORY_SIZE : 7987712
LOG_SIZE : 3094458
MEMORY_USAGE : 38.74 %
BATTERY_VOLTAGE : 4.21875
ERROR_FLAG : 0
ERROR_CODE : 0
POWER_DOWN_FLAG : 0
TAT_THRESHOLD : 1024
ORIENTATION : 0
MODE : PIM/TAT/ZCM
INTERVAL : 1
DATA_CORRECTION : 0
DATA_CORRECTION_DESCRIPTION : Nenhum
FILE_DATE_TIME : 26/07/2022 21:51:06
CONNECTION_SYSTEM_DATE_TIME : 26/07/2022 21:49:09
CONNECTION_DEVICE_DATE_TIME : 26/07/2022 21:49:09
+-------------------------------------------------------+
DATE/TIME;MS;EVENT;TEMPERATURE;EXT TEMPERATURE;ORIENTATION;PIM;PIMn;TAT;TATn;ZCM;ZCMn;LIGHT;AMB LIGHT;RED LIGHT;GREEN LIGHT;BLUE LIGHT;IR LIGHT;UVA LIGHT;UVB LIGHT;STATE
26/07/2022 13:30:15;0;0;22.37;22.24;0;8;0.133333;0;0;0;0;0.22;0.09;0.06;0.02;0.02;0.02;0.00;0.00;0
26/07/2022 13:31:15;0;0;22.86;22.24;0;702;11.7;49;0.816667;14;0.233333;0.66;0.27;0.15;0.08;0.05;0.07;0.00;0.00;0
26/07/2022 13:32:15;0;0;22.48;22.25;0;0;0;0;0;0;0;0.74;0.30;0.17;0.08;0.05;0.09;0.00;0.00;0
26/07/2022 13:33:15;0;0;22.27;22.18;0;9;0.15;0;0;0;0;0.70;0.28;0.17;0.08;0.05;0.08;0.00;0.00;0
26/07/2022 13:34:15;0;0;24.00;22.26;0;3786;63.1;228;3.8;101;1.68333;0.81;0.33;0.17;0.10;0.06;0.09;0.00;0.00;0
26/07/2022 13:35:15;0;0;25.70;23.00;0;413;6.88333;30;0.5;2;0.0333333;0.62;0.25;0.13;0.09;0.05;0.06;0.00;0.00;0
26/07/2022 13:36:15;0;0;26.40;23.84;0;8650;144.167;468;7.8;209;3.48333;1.07;0.43;0.23;0.26;0.29;0.55;0.00;0.00;0
26/07/2022 13:37:15;0;0;27.03;24.59;0;6519;108.65;320;5.33333;152;2.53333;1.17;0.47;0.30;0.32;0.43;0.85;0.00;0.00;0
26/07/2022 13:38:15;0;0;27.58;25.27;0;7542;125.7;413;6.88333;150;2.5;1.40;0.57;0.35;0.38;0.49;0.95;0.00;0.00;0
26/07/2022 13:39:15;0;0;28.00;25.85;0;6325;105.417;344;5.73333;192;3.2;0.95;0.38;0.21;0.12;0.07;0.10;0.00;0.00;0
26/07/2022 13:40:15;0;0;28.34;26.28;0;2170;36.1667;149;2.48333;34;0.566667;1.21;0.49;0.23;0.19;0.11;0.11;0.00;0.00;0
26/07/2022 13:41:15;0;0;28.43;26.62;0;521;8.68333;32;0.533333;3;0.05;1.10;0.45;0.20;0.18;0.10;0.10;0.00;0.00;0
26/07/2022 13:42:15;0;0;28.55;26.82;0;1073;17.8833;58;0.966667;29;0.483333;0.96;0.39;0.18;0.15;0.09;0.09;0.00;0.00;0
26/07/2022 13:43:15;0;0;28.74;27.01;0;0;0;0;0;0;0;0.55;0.22;0.12;0.07;0.04;0.06;0.00;0.00;0
26/07/2022 13:44:15;0;0;28.95;27.21;0;136;2.26667;13;0.216667;0;0;0.70;0.28;0.15;0.09;0.05;0.07;0.00;0.00;0
26/07/2022 13:45:15;0;0;29.14;27.44;0;12;0.2;0;0;0;0;0.72;0.29;0.16;0.09;0.05;0.08;0.00;0.00;0
26/07/2022 13:46:15;0;0;29.29;27.64;0;0;0;0;0;0;0;0.76;0.31;0.16;0.10;0.06;0.08;0.00;0.00;0
26/07/2022 13:47:15;0;0;29.43;27.82;0;6;0.1;0;0;0;0;0.77;0.31;0.16;0.10;0.06;0.08;0.00;0.00;0
26/07/2022 13:48:15;0;0;29.56;27.98;0;69;1.15;5;0.0833333;0;0;0.74;0.30;0.16;0.10;0.06;0.08;0.00;0.00;0
26/07/2022 13:49:15;0;0;29.67;28.12;0;7;0.116667;0;0;0;0;0.72;0.29;0.15;0.10;0.05;0.07;0.00;0.00;0
26/07/2022 13:50:15;0;0;29.78;28.25;0;34;0.566667;2;0.0333333;0;0;0.79;0.32;0.16;0.11;0.06;0.08;0.00;0.00;0
26/07/2022 13:51:15;0;0;29.89;28.38;0;0;0;0;0;0;0;0.83;0.34;0.17;0.12;0.07;0.08;0.00;0.00;0
26/07/2022 13:52:15;0;0;30.00;28.50;0;35;0.583333;1;0.0166667;0;0;0.86;0.35;0.17;0.12;0.07;0.08;0.00;0.00;0
26/07/2022 13:53:15;0;0;30.11;28.61;0;1003;16.7167;86;1.43333;4;0.0666667;0.85;0.34;0.17;0.12;0.07;0.08;0.00;0.00;0
26/07/2022 13:54:15;0;0;30.23;28.73;0;3066;51.1;257;4.28333;19;0.316667;0.61;0.25;0.14;0.08;0.05;0.07;0.00;0.00;0
26/07/2022 13:55:15;0;0;30.31;28.83;0;5504;91.7333;413;6.88333;54;0.9;0.42;0.17;0.08;0.06;0.04;0.04;0.00;0.00;0
26/07/2022 13:56:15;0;0;30.32;28.88;0;5346;89.1;382;6.36667;77;1.28333;0.34;0.14;0.07;0.05;0.04;0.04;0.00;0.00;0
26/07/2022 13:57:15;0;0;30.31;28.88;0;5124;85.4;386;6.43333;70;1.16667;0.37;0.15;0.07;0.05;0.04;0.04;0.00;0.00;0
26/07/2022 13:58:15;0;0;30.30;28.88;0;5074;84.5667;377;6.28333;89;1.48333;0.34;0.14;0.07;0.05;0.03;0.04;0.00;0.00;0
26/07/2022 13:59:15;0;0;30.29;28.88;0;5191;86.5167;396;6.6;72;1.2;0.35;0.14;0.07;0.05;0.03;0.04;0.00;0.00;0
26/07/2022 14:00:15;0;0;30.27;28.86;0;5274;87.9;380;6.33333;91;1.51667;0.32;0.13;0.06;0.05;0.03;0.03;0.00;0.00;0
26/07/2022 14:01:15;0;0;30.25;28.81;0;5324;88.7333;370;6.16667;64;1.06667;0.36;0.15;0.07;0.05;0.04;0.04;0.00;0.00;0
26/07/2022 14:02:15;0;0;30.23;28.81;0;5169;86.15;374;6.23333;58;0.966667;0.33;0.14;0.07;0.05;0.03;0.03;0.00;0.00;0
26/07/2022 14:03:15;0;0;30.21;28.78;0;5486;91.4333;387;6.45;64;1.06667;0.37;0.15;0.07;0.05;0.03;0.04;0.00;0.00;0
26/07/2022 14:04:15;0;0;30.17;28.75;0;3555;59.25;272;4.53333;27;0.45;0.41;0.16;0.08;0.06;0.04;0.04;0.00;0.00;0
26/07/2022 14:05:15;0;0;30.12;28.72;0;83;1.38333;4;0.0666667;0;0;0.29;0.12;0.06;0.04;0.03;0.03;0.00;0.00;0
26/07/2022 14:06:15;0;0;30.03;28.68;0;145;2.41667;8;0.133333;1;0.0166667;0.29;0.12;0.06;0.04;0.03;0.03;0.00;0.00;0
26/07/2022 14:07:15;0;0;29.96;28.62;0;195;3.25;9;0.15;1;0.0166667;0.38;0.15;0.08;0.06;0.04;0.04;0.00;0.00;0
26/07/2022 14:08:15;0;0;29.93;28.62;0;143;2.38333;2;0.0333333;0;0;0.57;0.23;0.12;0.08;0.05;0.06;0.00;0.00;0
26/07/2022 14:09:15;0;0;29.87;28.56;0;2930;48.8333;169;2.81667;36;0.6;0.37;0.15;0.08;0.05;0.04;0.04;0.00;0.00;0
26/07/2022 14:10:15;0;0;29.83;28.53;0;7886;131.433;399;6.65;76;1.26667;0.32;0.13;0.06;0.05;0.03;0.03;0.00;0.00;0
26/07/2022 14:11:15;0;0;29.77;28.47;0;7951;132.517;380;6.33333;100;1.66667;0.31;0.13;0.06;0.05;0.03;0.03;0.00;0.00;0
26/07/2022 14:12:15;0;0;29.70;28.38;0;8364;139.4;381;6.35;125;2.08333;0.40;0.16;0.08;0.06;0.04;0.04;0.00;0.00;0
26/07/2022 14:13:15;0;0;29.62;28.28;0;8770;146.167;383;6.38333;168;2.8;0.44;0.18;0.08;0.07;0.04;0.04;0.00;0.00;0
26/07/2022 14:14:15;0;0;29.55;28.20;0;7683;128.05;376;6.26667;85;1.41667;0.39;0.16;0.08;0.06;0.04;0.04;0.00;0.00;0
26/07/2022 14:15:15;0;0;29.48;28.10;0;9102;151.7;385;6.41667;225;3.75;0.43;0.18;0.08;0.06;0.04;0.04;0.00;0.00;0
26/07/2022 14:16:15;0;0;29.40;28.03;0;8585;143.083;396;6.6;180;3;0.46;0.18;0.09;0.07;0.04;0.05;0.00;0.00;0
26/07/2022 14:17:15;0;0;29.32;27.93;0;9073;151.217;387;6.45;194;3.23333;0.39;0.16;0.08;0.06;0.03;0.04;0.00;0.00;0
26/07/2022 14:18:15;0;0;29.24;27.85;0;8467;141.117;398;6.63333;136;2.26667;0.43;0.17;0.08;0.06;0.04;0.04;0.00;0.00;0
26/07/2022 14:19:15;0;0;29.20;27.77;0;7497;124.95;336;5.6;149;2.48333;0.43;0.18;0.09;0.06;0.04;0.04;0.00;0.00;0
26/07/2022 14:20:15;0;0;29.16;27.75;0;48;0.8;3;0.05;0;0;0.39;0.16;0.08;0.06;0.03;0.04;0.00;0.00;0
26/07/2022 14:21:15;0;0;29.14;27.75;0;0;0;0;0;0;0;0.40;0.16;0.08;0.06;0.04;0.04;0.00;0.00;0
26/07/2022 14:22:15;0;0;29.12;27.75;0;17;0.283333;0;0;0;0;0.42;0.17;0.08;0.07;0.04;0.04;0.00;0.00;0
26/07/2022 14:23:15;0;0;29.14;27.75;0;8;0.133333;0;0;0;0;0.40;0.16;0.07;0.06;0.04;0.04;0.00;0.00;0
26/07/2022 14:24:15;0;0;29.18;27.81;0;7131;118.85;156;2.6;304;5.06667;0.40;0.16;0.08;0.06;0.04;0.04;0.00;0.00;0
26/07/2022 14:25:15;0;0;29.22;27.87;0;36855;614.25;626;10.4333;1530;25.5;0.66;0.27;0.13;0.10;0.06;0.07;0.00;0.00;0
26/07/2022 14:26:15;0;0;29.22;27.84;0;34980;583;571;9.51667;1480;24.6667;0.93;0.38;0.18;0.14;0.08;0.09;0.00;0.00;0
26/07/2022 14:27:15;0;0;29.16;27.79;0;34880;581.333;561;9.35;1208;20.1333;1.31;0.53;0.25;0.20;0.11;0.11;0.00;0.00;0
26/07/2022 14:28:15;0;0;29.12;27.75;0;36056;600.933;561;9.35;1193;19.8833;1.28;0.52;0.25;0.19;0.11;0.11;0.00;0.00;0
26/07/2022 14:29:15;0;0;29.20;27.72;0;34461;574.35;546;9.1;1192;19.8667;1.30;0.53;0.25;0.19;0.11;0.12;0.00;0.00;0
26/07/2022 14:30:15;0;0;29.40;27.76;0;39917;665.283;588;9.8;1265;21.0833;1.31;0.53;0.25;0.19;0.11;0.12;0.00;0.00;0
26/07/2022 14:31:15;0;0;29.62;27.85;0;39909;665.15;598;9.96667;1283;21.3833;1.32;0.53;0.26;0.20;0.11;0.12;0.00;0.00;0
26/07/2022 14:32:15;0;0;29.83;27.98;0;40897;681.617;573;9.55;1300;21.6667;1.29;0.52;0.25;0.19;0.11;0.11;0.00;0.00;0
26/07/2022 14:33:15;0;0;29.94;28.09;0;40317;671.95;581;9.68333;1321;22.0167;1.33;0.54;0.26;0.20;0.11;0.11;0.00;0.00;0
26/07/2022 14:34:15;0;0;30.01;28.17;0;39434;657.233;625;10.4167;1262;21.0333;1.36;0.55;0.27;0.20;0.11;0.12;0.00;0.00;0
26/07/2022 14:35:15;0;0;30.16;28.27;0;1754;29.2333;98;1.63333;26;0.433333;0.54;0.22;0.11;0.08;0.05;0.06;0.00;0.00;0
26/07/2022 14:36:15;0;0;30.36;28.44;0;197;3.28333;7;0.116667;0;0;0.50;0.21;0.10;0.08;0.04;0.05;0.00;0.00;0
26/07/2022 14:37:15;0;0;30.50;28.63;0;60;1;1;0.0166667;0;0;0.49;0.20;0.10;0.07;0.04;0.05;0.00;0.00;0
26/07/2022 14:38:15;0;0;30.49;28.76;0;27;0.45;1;0.0166667;0;0;0.49;0.20;0.10;0.07;0.04;0.05;0.00;0.00;0
26/07/2022 14:39:15;0;0;30.40;28.81;0;4282;71.3667;92;1.53333;127;2.11667;0.54;0.22;0.11;0.08;0.05;0.05;0.00;0.00;0
26/07/2022 14:40:15;0;0;30.04;28.74;0;53998;899.967;618;10.3;1471;24.5167;1.38;0.56;0.26;0.21;0.12;0.12;0.00;0.00;0
26/07/2022 14:41:15;0;0;29.45;28.40;0;56284;938.067;572;9.53333;1499;24.9833;1.36;0.55;0.26;0.21;0.12;0.12;0.00;0.00;0
26/07/2022 14:42:15;0;0;28.98;27.99;0;58756;979.267;614;10.2333;1551;25.85;1.28;0.52;0.25;0.19;0.11;0.11;0.00;0.00;0
26/07/2022 14:43:15;0;0;28.67;27.60;0;55096;918.267;575;9.58333;1531;25.5167;1.32;0.53;0.25;0.20;0.11;0.12;0.00;0.00;0
26/07/2022 14:44:15;0;0;28.57;27.29;0;54709;911.817;588;9.8;1511;25.1833;1.30;0.53;0.25;0.20;0.11;0.11;0.00;0.00;0
26/07/2022 14:45:15;0;0;28.63;27.10;0;53354;889.233;610;10.1667;1499;24.9833;1.35;0.55;0.26;0.20;0.12;0.12;0.00;0.00;0
26/07/2022 14:46:15;0;0;28.75;27.04;0;54728;912.133;636;10.6;1517;25.2833;1.38;0.56;0.27;0.20;0.12;0.12;0.00;0.00;0
26/07/2022 14:47:15;0;0;28.90;27.01;0;47393;789.883;593;9.88333;1400;23.3333;1.39;0.56;0.27;0.21;0.12;0.12;0.00;0.00;0
26/07/2022 14:48:15;0;0;29.08;27.07;0;50862;847.7;614;10.2333;1463;24.3833;1.34;0.54;0.26;0.20;0.11;0.12;0.00;0.00;0
26/07/2022 14:49:15;0;0;29.22;27.15;0;53283;888.05;608;10.1333;1487;24.7833;1.33;0.54;0.26;0.19;0.11;0.12;0.00;0.00;0
26/07/2022 14:50:15;0;0;29.42;27.25;0;3903;65.05;172;2.86667;117;1.95;0.93;0.37;0.20;0.12;0.06;0.09;0.00;0.00;0
26/07/2022 14:51:15;0;0;29.64;27.44;0;378;6.3;21;0.35;5;0.0833333;1.00;0.41;0.23;0.11;0.06;0.10;0.00;0.00;0
26/07/2022 14:52:15;0;0;29.99;27.73;0;33;0.55;2;0.0333333;1;0.0166667;0.96;0.39;0.22;0.11;0.06;0.10;0.00;0.00;0
26/07/2022 14:53:15;0;0;30.34;28.05;0;150;2.5;13;0.216667;0;0;0.95;0.38;0.22;0.11;0.06;0.10;0.00;0.00;0
26/07/2022 14:54:15;0;0;30.61;28.32;0;1422;23.7;112;1.86667;22;0.366667;0.76;0.31;0.17;0.10;0.06;0.08;0.00;0.00;0
26/07/2022 14:55:15;0;0;30.75;28.55;0;4303;71.7167;229;3.81667;16;0.266667;0.55;0.22;0.12;0.07;0.05;0.07;0.00;0.00;0
26/07/2022 14:56:15;0;0;30.75;28.63;0;653;10.8833;49;0.816667;2;0.0333333;0.94;0.38;0.18;0.14;0.08;0.09;0.00;0.00;0
26/07/2022 14:57:15;0;0;29.57;28.59;0;2416;40.2667;130;2.16667;81;1.35;0.91;0.37;0.16;0.15;0.07;0.07;0.00;0.00;0
26/07/2022 14:58:15;0;0;27.94;28.06;0;751;12.5167;32;0.533333;23;0.383333;0.98;0.40;0.17;0.16;0.07;0.07;0.00;0.00;0
26/07/2022 14:59:15;0;0;27.38;27.43;0;40;0.666667;5;0.0833333;2;0.0333333;0.80;0.33;0.16;0.12;0.06;0.07;0.00;0.00;0