+-------------+ Condor Instruments Report +-------------+
SOFTWARE_VERSION : 1.0.23
LOG_FILE_VERSION : 1.0.2
SUBJECT_NAME : Piloto ActTrust
SUBJECT_GENDER : Other
SUBJECT_DATE_OF_BIRTH : 01/01/2000
SUBJECT_DESCRIPTION : Teste Piloto Acttrust
DEVICE_ID : 3020
DEVICE_MODEL : ActTrust1
HARDWARE_VERSION : 3.5
FIRMWARE_VERSION : 3.8
MEMORY_SIZE : 7987712
LOG_SIZE : 4761937
MEMORY_USAGE : 59.62 %
BATTERY_VOLTAGE : 4.21875
ERROR_FLAG : 0
ERROR_CODE : 0
POWER_DOWN_FLAG : 0
TAT_THRESHOLD : 1024
ORIENTATION : 0
MODE : PIM/TAT/ZCM
INTERVAL : 1
DATA_CORRECTION : 0
DATA_CORRECTION_DESCRIPTION : Nenhum
FILE_DATE_TIME : 25/10/2022 11:08:41
CONNECTION_SYSTEM_DATE_TIME : 25/10/2022 11:05:49
CONNECTION_DEVICE_DATE_TIME : 25/10/2022 11:05:48
+-------------------------------------------------------+
DATE/TIME;MS;EVENT;TEMPERATURE;EXT TEMPERATURE;ORIENTATION;PIM;PIMn;TAT;TATn;ZCM;ZCMn;LIGHT;AMB LIGHT;RED LIGHT;GREEN LIGHT;BLUE LIGHT;IR LIGHT;UVA LIGHT;UVB LIGHT;STATE
24/10/2022 13:34:47;0;0;27.63;26.70;0;1178;19.6333;73;1.21667;6;0.1;1.32;0.53;0.19;0.25;0.14;0.09;0.00;0.00;0
24/10/2022 13:35:47;0;0;27.60;26.73;0;224;3.73333;9;0.15;0;0;1.29;0.52;0.17;0.26;0.15;0.08;0.00;0.00;0
24/10/2022 13:36:47;0;0;27.58;26.70;0;1200;20;97;1.61667;14;0.233333;1.10;0.45;0.15;0.22;0.13;0.08;0.00;0.00;0
24/10/2022 13:37:47;0;0;27.56;26.69;0;211;3.51667;11;0.183333;0;0;1.18;0.48;0.15;0.24;0.14;0.08;0.00;0.00;0
24/10/2022 13:38:47;0;0;27.52;26.68;0;3733;62.2167;240;4;83;1.38333;1.13;0.46;0.21;0.17;0.09;0.09;0.00;0.00;0
24/10/2022 13:39:47;0;0;27.48;26.62;0;2763;46.05;176;2.93333;39;0.65;0.93;0.38;0.17;0.15;0.08;0.08;0.00;0.00;0
24/10/2022 13:40:47;0;0;27.42;26.57;0;1112;18.5333;67;1.11667;22;0.366667;0.72;0.29;0.14;0.11;0.06;0.07;0.00;0.00;0
24/10/2022 13:41:47;0;0;27.43;26.56;0;2098;34.9667;142;2.36667;49;0.816667;0.71;0.29;0.13;0.11;0.06;0.06;0.00;0.00;0
24/10/2022 13:42:47;0;0;27.44;26.56;0;1806;30.1;102;1.7;45;0.75;0.62;0.25;0.12;0.10;0.05;0.05;0.00;0.00;0
24/10/2022 13:43:47;0;0;27.47;26.56;0;424;7.06667;30;0.5;3;0.05;0.60;0.24;0.12;0.09;0.05;0.05;0.00;0.00;0
24/10/2022 13:44:47;0;0;27.51;26.59;0;243;4.05;20;0.333333;1;0.0166667;0.75;0.31;0.15;0.11;0.06;0.07;0.00;0.00;0
24/10/2022 13:45:47;0;0;27.54;26.62;0;804;13.4;51;0.85;1;0.0166667;0.83;0.34;0.13;0.15;0.08;0.06;0.00;0.00;0
24/10/2022 13:46:47;0;0;27.53;26.62;0;145;2.41667;5;0.0833333;2;0.0333333;0.94;0.38;0.14;0.18;0.10;0.06;0.00;0.00;0
24/10/2022 13:47:47;0;0;27.56;26.68;0;21;0.35;0;0;0;0;0.82;0.33;0.12;0.15;0.08;0.06;0.00;0.00;0
24/10/2022 13:48:47;0;0;27.59;26.70;0;0;0;0;0;0;0;0.74;0.30;0.12;0.13;0.07;0.05;0.00;0.00;0
24/10/2022 13:49:47;0;0;27.64;26.75;0;44;0.733333;4;0.0666667;0;0;0.64;0.26;0.12;0.10;0.05;0.05;0.00;0.00;0
24/10/2022 13:50:47;0;0;27.68;26.78;0;20;0.333333;4;0.0666667;0;0;0.63;0.26;0.12;0.10;0.05;0.06;0.00;0.00;0
24/10/2022 13:51:47;0;0;27.71;26.81;0;11;0.183333;2;0.0333333;0;0;0.66;0.27;0.13;0.10;0.05;0.06;0.00;0.00;0
24/10/2022 13:52:47;0;0;27.73;26.84;0;68;1.13333;7;0.116667;0;0;0.68;0.27;0.13;0.10;0.05;0.06;0.00;0.00;0
24/10/2022 13:53:47;0;0;27.74;26.88;0;121;2.01667;9;0.15;4;0.0666667;0.79;0.32;0.16;0.12;0.06;0.07;0.00;0.00;0
24/10/2022 13:54:47;0;0;27.75;26.88;0;498;8.3;35;0.583333;6;0.1;0.73;0.30;0.15;0.11;0.06;0.07;0.00;0.00;0
24/10/2022 13:55:47;0;0;27.71;26.85;0;4284;71.4;315;5.25;42;0.7;0.86;0.35;0.20;0.10;0.06;0.10;0.00;0.00;0
24/10/2022 13:56:47;0;0;27.56;26.76;0;4956;82.6;382;6.36667;33;0.55;0.56;0.23;0.13;0.06;0.04;0.06;0.00;0.00;0
24/10/2022 13:57:47;0;0;27.39;26.62;0;4647;77.45;378;6.3;5;0.0833333;0.68;0.28;0.16;0.08;0.05;0.08;0.00;0.00;0
24/10/2022 13:58:47;0;0;27.21;26.45;0;4528;75.4667;393;6.55;9;0.15;0.59;0.24;0.14;0.07;0.04;0.07;0.00;0.00;0
24/10/2022 13:59:47;0;0;27.02;26.28;0;4279;71.3167;311;5.18333;6;0.1;0.68;0.27;0.16;0.08;0.05;0.07;0.00;0.00;0
24/10/2022 14:00:47;0;0;26.85;26.11;0;4159;69.3167;320;5.33333;8;0.133333;0.67;0.27;0.16;0.07;0.04;0.08;0.00;0.00;0
24/10/2022 14:01:47;0;0;26.68;25.94;0;4229;70.4833;342;5.7;9;0.15;0.63;0.25;0.15;0.07;0.04;0.07;0.00;0.00;0
24/10/2022 14:02:47;0;0;26.54;25.80;0;4170;69.5;324;5.4;17;0.283333;0.55;0.22;0.13;0.06;0.04;0.06;0.00;0.00;0
24/10/2022 14:03:47;0;0;26.42;25.67;0;4549;75.8167;353;5.88333;9;0.15;0.62;0.25;0.14;0.07;0.04;0.07;0.00;0.00;0
24/10/2022 14:04:47;0;0;26.29;25.53;0;4263;71.05;339;5.65;14;0.233333;0.63;0.25;0.15;0.07;0.04;0.07;0.00;0.00;0
24/10/2022 14:05:47;0;0;26.18;25.41;0;2840;47.3333;207;3.45;23;0.383333;0.76;0.31;0.17;0.09;0.06;0.08;0.00;0.00;0
24/10/2022 14:06:47;0;0;26.09;25.32;0;2106;35.1;84;1.4;39;0.65;1.51;0.61;0.26;0.26;0.15;0.12;0.00;0.00;0
24/10/2022 14:07:47;0;0;26.05;25.26;0;1572;26.2;103;1.71667;22;0.366667;2.66;1.08;0.47;0.44;0.26;0.22;0.00;0.00;0
24/10/2022 14:08:47;0;0;26.03;25.25;0;799;13.3167;45;0.75;18;0.3;1.73;0.70;0.42;0.20;0.11;0.20;0.00;0.00;0
24/10/2022 14:09:47;0;0;26.00;25.25;0;853;14.2167;52;0.866667;14;0.233333;1.57;0.64;0.35;0.20;0.11;0.17;0.00;0.00;0
24/10/2022 14:10:47;0;0;25.97;25.22;0;4676;77.9333;291;4.85;84;1.4;1.14;0.46;0.28;0.12;0.07;0.13;0.00;0.00;0
24/10/2022 14:11:47;0;0;25.86;25.16;0;7618;126.967;443;7.38333;139;2.31667;0.85;0.35;0.20;0.09;0.05;0.10;0.00;0.00;0
24/10/2022 14:12:47;0;0;25.71;25.05;0;7498;124.967;479;7.98333;150;2.5;0.85;0.34;0.21;0.09;0.05;0.10;0.00;0.00;0
24/10/2022 14:13:47;0;0;25.57;24.91;0;7778;129.633;490;8.16667;145;2.41667;0.85;0.35;0.20;0.10;0.05;0.09;0.00;0.00;0
24/10/2022 14:14:47;0;0;25.44;24.78;0;7608;126.8;496;8.26667;146;2.43333;0.75;0.30;0.18;0.08;0.05;0.08;0.00;0.00;0
24/10/2022 14:15:47;0;0;25.32;24.66;0;7660;127.667;503;8.38333;152;2.53333;0.73;0.30;0.17;0.08;0.05;0.08;0.00;0.00;0
24/10/2022 14:16:47;0;0;25.19;24.54;0;7689;128.15;446;7.43333;153;2.55;0.74;0.30;0.18;0.08;0.05;0.08;0.00;0.00;0
24/10/2022 14:17:47;0;0;25.06;24.42;0;8659;144.317;492;8.2;228;3.8;0.73;0.30;0.17;0.08;0.05;0.08;0.00;0.00;0
24/10/2022 14:18:47;0;0;24.94;24.31;0;8663;144.383;487;8.11667;178;2.96667;0.81;0.33;0.19;0.09;0.05;0.09;0.00;0.00;0
24/10/2022 14:19:47;0;0;24.82;24.20;0;8524;142.067;469;7.81667;196;3.26667;0.84;0.34;0.20;0.09;0.05;0.09;0.00;0.00;0
24/10/2022 14:20:47;0;0;24.71;24.08;0;5607;93.45;327;5.45;126;2.1;0.99;0.40;0.22;0.12;0.07;0.10;0.00;0.00;0
24/10/2022 14:21:47;0;0;24.66;24.00;0;435;7.25;29;0.483333;2;0.0333333;1.73;0.70;0.43;0.20;0.11;0.20;0.00;0.00;0
24/10/2022 14:22:47;0;0;24.64;23.97;0;178;2.96667;11;0.183333;1;0.0166667;1.71;0.69;0.42;0.20;0.10;0.19;0.00;0.00;0
24/10/2022 14:23:47;0;0;24.61;23.94;0;2926;48.7667;132;2.2;81;1.35;1.63;0.66;0.40;0.19;0.10;0.18;0.00;0.00;0
24/10/2022 14:24:47;0;0;24.55;23.88;0;31;0.516667;3;0.05;0;0;1.57;0.64;0.40;0.17;0.10;0.19;0.00;0.00;0
24/10/2022 14:25:47;0;0;24.50;23.87;0;14081;234.683;283;4.71667;590;9.83333;1.45;0.59;0.35;0.17;0.10;0.17;0.00;0.00;0
24/10/2022 14:26:47;0;0;24.45;23.82;0;36401;606.683;575;9.58333;1634;27.2333;1.35;0.55;0.28;0.19;0.10;0.13;0.00;0.00;0
24/10/2022 14:27:47;0;0;24.39;23.80;0;33120;552;574;9.56667;1618;26.9667;1.38;0.56;0.28;0.20;0.10;0.12;0.00;0.00;0
24/10/2022 14:28:47;0;0;24.33;23.75;0;34222;570.367;577;9.61667;1680;28;1.68;0.68;0.30;0.28;0.14;0.13;0.00;0.00;0
24/10/2022 14:29:47;0;0;24.26;23.72;0;33776;562.933;585;9.75;1630;27.1667;1.34;0.55;0.27;0.19;0.09;0.12;0.00;0.00;0
24/10/2022 14:30:47;0;0;24.22;23.69;0;38481;641.35;580;9.66667;1717;28.6167;1.43;0.58;0.28;0.21;0.10;0.13;0.00;0.00;0
24/10/2022 14:31:47;0;0;24.17;23.63;0;40557;675.95;570;9.5;1716;28.6;1.31;0.53;0.28;0.18;0.09;0.13;0.00;0.00;0
24/10/2022 14:32:47;0;0;24.12;23.59;0;41206;686.767;574;9.56667;1665;27.75;1.33;0.54;0.28;0.18;0.09;0.13;0.00;0.00;0
24/10/2022 14:33:47;0;0;24.06;23.55;0;43151;719.183;568;9.46667;1738;28.9667;1.36;0.55;0.28;0.19;0.09;0.13;0.00;0.00;0
24/10/2022 14:34:47;0;0;23.99;23.50;0;39997;666.617;581;9.68333;1627;27.1167;1.35;0.55;0.29;0.18;0.09;0.14;0.00;0.00;0
24/10/2022 14:35:47;0;0;23.95;23.45;0;27511;458.517;468;7.8;1050;17.5;1.45;0.59;0.33;0.18;0.09;0.16;0.00;0.00;0
24/10/2022 14:36:47;0;0;23.97;23.44;0;1501;25.0167;81;1.35;20;0.333333;1.20;0.48;0.27;0.15;0.09;0.14;0.00;0.00;0
24/10/2022 14:37:47;0;0;24.04;23.44;0;1469;24.4833;75;1.25;35;0.583333;1.55;0.63;0.31;0.23;0.13;0.15;0.00;0.00;0
24/10/2022 14:38:47;0;0;24.15;23.50;0;390;6.5;21;0.35;2;0.0333333;3.25;1.32;0.43;0.64;0.37;0.19;0.00;0.00;0
24/10/2022 14:39:47;0;0;24.34;23.59;0;3132;52.2;156;2.6;62;1.03333;1.71;0.69;0.36;0.24;0.13;0.17;0.00;0.00;0
24/10/2022 14:40:47;0;0;24.52;23.72;0;16141;269.017;295;4.91667;568;9.46667;1.39;0.57;0.33;0.17;0.09;0.15;0.00;0.00;0
24/10/2022 14:41:47;0;0;24.61;23.82;0;50393;839.883;561;9.35;1691;28.1833;1.32;0.53;0.29;0.17;0.09;0.14;0.00;0.00;0
24/10/2022 14:42:47;0;0;24.64;23.88;0;53367;889.45;569;9.48333;1839;30.65;1.36;0.55;0.29;0.18;0.10;0.14;0.00;0.00;0
24/10/2022 14:43:47;0;0;24.65;23.88;0;53048;884.133;554;9.23333;1878;31.3;1.42;0.57;0.30;0.20;0.10;0.14;0.00;0.00;0
24/10/2022 14:44:47;0;0;24.66;23.89;0;54329;905.483;563;9.38333;1875;31.25;1.37;0.55;0.29;0.19;0.10;0.13;0.00;0.00;0
24/10/2022 14:45:47;0;0;24.67;23.91;0;55139;918.983;559;9.31667;1895;31.5833;1.36;0.55;0.28;0.19;0.10;0.13;0.00;0.00;0
24/10/2022 14:46:47;0;0;24.69;23.94;0;57902;965.033;588;9.8;1894;31.5667;1.41;0.57;0.29;0.20;0.10;0.14;0.00;0.00;0
24/10/2022 14:47:47;0;0;24.70;23.94;0;58021;967.017;558;9.3;1991;33.1833;1.41;0.57;0.30;0.20;0.10;0.13;0.00;0.00;0
24/10/2022 14:48:47;0;0;24.69;23.94;0;56806;946.767;600;10;1925;32.0833;1.45;0.59;0.30;0.20;0.10;0.14;0.00;0.00;0
24/10/2022 14:49:47;0;0;24.66;23.90;0;48393;806.55;659;10.9833;1743;29.05;1.47;0.59;0.31;0.20;0.11;0.15;0.00;0.00;0
24/10/2022 14:50:47;0;0;24.64;23.88;0;46882;781.367;584;9.73333;1504;25.0667;1.31;0.53;0.31;0.15;0.08;0.15;0.00;0.00;0
24/10/2022 14:51:47;0;0;24.71;23.88;0;4663;77.7167;229;3.81667;133;2.21667;1.27;0.52;0.27;0.17;0.09;0.13;0.00;0.00;0
24/10/2022 14:52:47;0;0;24.85;23.92;0;1746;29.1;78;1.3;38;0.633333;1.06;0.43;0.24;0.13;0.07;0.11;0.00;0.00;0
24/10/2022 14:53:47;0;0;25.00;23.99;0;940;15.6667;50;0.833333;12;0.2;1.08;0.44;0.26;0.13;0.07;0.12;0.00;0.00;0
24/10/2022 14:54:47;0;0;25.22;24.10;0;2010;33.5;89;1.48333;57;0.95;1.31;0.53;0.27;0.18;0.09;0.12;0.00;0.00;0
24/10/2022 14:55:47;0;0;25.51;24.26;0;3843;64.05;201;3.35;61;1.01667;1.09;0.44;0.22;0.16;0.08;0.10;0.00;0.00;0
24/10/2022 14:56:47;0;0;25.76;24.45;0;5628;93.8;263;4.38333;96;1.6;1.64;0.66;0.29;0.28;0.13;0.13;0.00;0.00;0
24/10/2022 14:57:47;0;0;25.70;24.63;0;3610;60.1667;202;3.36667;87;1.45;1.03;0.42;0.17;0.18;0.10;0.08;0.00;0.00;0
24/10/2022 14:58:47;0;0;24.87;24.66;0;40;0.666667;6;0.1;0;0;0.25;0.10;0.05;0.04;0.02;0.03;0.00;0.00;0
24/10/2022 14:59:47;0;0;24.50;24.45;0;23;0.383333;3;0.05;0;0;0.23;0.10;0.05;0.03;0.02;0.03;0.00;0.00;0
24/10/2022 15:00:47;0;0;24.24;24.23;0;88;1.46667;10;0.166667;0;0;0.25;0.10;0.05;0.04;0.02;0.03;0.00;0.00;0
24/10/2022 15:01:47;0;0;24.04;24.03;0;15;0.25;1;0.0166667;0;0;0.24;0.10;0.05;0.03;0.02;0.03;0.00;0.00;0
24/10/2022 15:02:47;0;0;23.88;23.87;0;60;1;6;0.1;0;0;0.29;0.12;0.06;0.04;0.03;0.03;0.00;0.00;0
24/10/2022 15:03:47;0;0;23.76;23.74;0;66;1.1;5;0.0833333;1;0.0166667;0.30;0.12;0.06;0.05;0.03;0.03;0.00;0.00;0
24/10/2022 15:04:47;0;0;23.67;23.63;0;0;0;0;0;0;0;0.30;0.12;0.06;0.05;0.03;0.03;0.00;0.00;0
24/10/2022 15:05:47;0;0;23.58;23.53;0;0;0;0;0;0;0;0.30;0.12;0.06;0.05;0.03;0.03;0.00;0.00;0